1237
1237
1272
1272
1272
1272
1272
1272
1272
1272
1272
1272
1272
1272
1272
1272
1278
1278
1278
1278
1278
1267
1267
1267
1267
1267
1249
1249
1249
1249
1249
1213
1213
1213
1213
1213
1231
1231
1231
1231
1231
1213
1213
1213
1213
1213
1165
1165
1165
1165
1165
1136
1136
1136
1136
1136
1136
1136
1136
1136
1136
1112
1112
1112
1112
1112
1070
1070
1070
1070
1070
993
993
993
993
993
927
927
927
927
927
880
880
880
880
880
820
820
820
820
820
767
767
767
767
767
707
707
707
707
707
666
666
666
666
666
612
612
612
612
612
612
612
612
612
612
577
577
577
577
577
547
547
547
547
547
517
517
517
517
517
487
487
487
487
487
446
446
446
446
446
422
422
422
422
422
392
392
392
392
392
410
410
410
410
410
386
386
386
386
386
428
428
428
428
428
463
463
463
463
463
452
452
452
452
452
368
368
368
368
368
327
327
327
327
327
261
261
261
261
261
184
184
184
184
184
23
23
23
23
23
-42
-42
-42
-42
-42
-137
-137
-137
-137
-137
-215
-215
-215
-215
-215
-286
-286
-286
-286
-286
-381
-381
-381
-381
-381
-423
-423
-423
-423
-423
-470
-470
-470
-470
-470
-494
-494
-494
-494
-494
-548
-548
-548
-548
-548
-595
-595
-595
-595
-595
-637
-637
-637
-637
-637
-661
-661
-661
-661
-661
-673
-673
-673
-673
-673
-679
-679
-679
-679
-679
-673
-673
-673
-673
-673
-673
-673
-673
-673
-673
-685
-685
-685
-685
-685
-661
-661
-661
-661
-661
-667
-667
-667
-667
-667
-655
-655
-655
-655
-655
-637
-637
-637
-637
-637
-625
-625
-625
-625
-625
-619
-619
-619
-619
-619
-607
-607
-607
-607
-607
-560
-560
-560
-560
-560
-500
-500
-500
-500
-500
-470
-470
-470
-470
-470
-429
-429
-429
-429
-429
-357
-357
-357
-357
-357
-292
-292
-292
-292
-292
-232
-232
-232
-232
-232
-179
-179
-179
-179
-179
-108
-108
-108
-108
-108
-18
-18
-18
-18
-18
83
83
83
83
83
154
154
154
154
154
255
255
255
255
255
315
315
315
315
315
368
368
368
368
368
386
386
386
386
386
410
410
410
410
410
386
386
386
386
386
362
362
362
362
362
344
344
344
344
344
374
374
374
374
374
345
345
345
345
345
345
345
345
345
345
356
356
356
356
356
345
345
345
345
345
350
350
350
350
350
368
368
368
368
368
374
374
374
374
374
321
321
321
321
321
345
345
345
345
345
392
392
392
392
392
386
386
386
386
386
452
452
452
452
452
523
523
523
523
523
594
594
594
594
594
678
678
678
678
678
690
690
690
690
690
725
725
725
725
725
761
761
761
761
761
820
820
820
820
820
862
862
862
862
862
892
892
892
892
892
993
993
993
993
993
1029
1029
1029
1029
1029
1088
1088
1088
1088
1088
1094
1094
1094
1094
1094
1136
1136
1136
1136
1136
1159
1159
1159
1159
1159
1207
1207
1207
1207
1207
1243
1243
1243
1243
1243
1255
1255
1255
1255
1255
1249
1249
1249
1249
1249
1249
1249
1249
1249
1249
1249
1249
1249
1249
1249
1266
1266
1266
1266
1266
1255
1255
1255
1255
1255
1225
1225
1225
1225
1225
1231
1231
1231
1231
1231
1231
1231
1231
1231
1231
1231
1231
1231
1231
1231
1231
1231
1231
1231
1231
1219
1219
1219
1219
1219
1189
1189
1189
1189
1189
1159
1159
1159
1159
1159
1159
1159
1159
1159
1159
1154
1154
1154
1154
1154
1118
1118
1118
1118
1118
1106
1106
1106
1106
1106
1082
1082
1082
1082
1082
1058
1058
1058
1058
1058
1005
1005
1005
1005
1005
975
975
975
975
975
921
921
921
921
820
820
820
820
820
761
761
761
761
761
630
630
630
630
630
565
565
565
565
565
487
487
487
487
487
368
368
368
368
368
315
315
315
315
315
291
291
291
291
291
249
249
249
249
249
172
172
172
172
172
118
118
118
118
118
41
41
41
41
41
-42
-42
-42
-42
-42
-90
-90
-90
-90
-90
-114
-114
-114
-114
-114
-191
-191
-191
-191
-191
-250
-250
-250
-250
-250
-292
-292
-292
-292
-292
-369
-369
-369
-369
-369
-393
-393
-393
-393
-393
-411
-411
-411
-411
-411
-453
-453
-453
-453
-453
-470
-470
-470
-470
-470
-542
-542
-542
-542
-542
-560
-560
-560
-560
-560
-601
-601
-601
-601
-601
-613
-613
-613
-613
-613
-643
-643
-643
-643
-643
-667
-667
-667
-667
-667
-673
-673
-673
-673
-673
-679
-679
-679
-679
-679
-667
-667
-667
-667
-667
-673
-673
-673
-673
-673
-667
-667
-667
-667
-667
-661
-661
-661
-661
-661
-655
-655
-655
-655
-655
-643
-643
-643
-643
-643
-649
-649
-649
-649
-649
-619
-619
-619
-619
-619
-613
-613
-613
-613
-613
-607
-607
-607
-607
-607
-572
-572
-572
-572
-572
-548
-548
-548
-548
-548
-512
-512
-512
-512
-512
-447
-447
-447
-447
-447
-459
-459
-459
-459
-459
-441
-441
-441
-441
-441
-423
-423
-423
-423
-423
-387
-387
-387
-387
-387
-351
-351
-351
-351
-351
-322
-322
-322
-322
-322
-268
-268
-268
-268
-268
-262
-262
-262
-262
-262
-215
-215
-215
-215
-215
-173
-173
-173
-173
-173
-137
-137
-137
-137
-137
-131
-131
-131
-131
-131
-108
-108
-108
-108
-108
-66
-66
-66
-66
-66
-30
-30
-30
-30
-30
41
41
41
41
41
77
77
77
77
77
130
130
130
130
130
142
142
142
142
142
208
208
208
208
208
255
255
255
255
255
279
279
279
279
279
291
291
291
291
291
285
285
285
285
285
327
327
327
327
327
356
356
356
356
356
410
410
410
410
410
428
428
428
428
428
493
493
493
493
493
571
571
571
571
571
630
630
630
630
630
707
707
707
707
707
743
743
743
743
743
820
820
820
820
820
874
874
874
874
874
981
981
981
981
981
1017
1017
1017
1017
1017
1076
1076
1076
1076
1076
1106
1106
1106
1106
1106
1106
1106
1106
1106
1106
1076
1076
1076
1076
1076
957
957
957
957
957
933
933
933
933
933
803
803
803
803
803
707
707
707
707
707
618
618
618
618
618
559
559
559
559
559
511
511
511
511
511
428
428
428
428
428
297
297
297
297
297
148
148
148
148
148
23
23
23
23
23
-203
-203
-203
-203
-203
-286
-286
-286
-286
-286
-363
-363
-363
-363
-363
-447
-447
-447
-447
-447
-500
-500
-500
-500
-500
-530
-530
-530
-530
-530
-542
-542
-542
-542
-542
-566
-566
-566
-566
-566
-512
-512
-512
-512
-512
-435
-435
-435
-435
-435
-375
-375
-375
-375
-375
-328
-328
-328
-328
-328
-375
-375
-375
-375
-375
-435
-435
-435
-435
-435
-500
-500
-500
-500
-500
-542
-542
-542
-542
-542
-601
-601
-601
-601
-601
-613
-613
-613
-613
-613
-655
-655
-655
-655
-655
-649
-649
-649
-649
-649
-685
-685
-685
-685
-685
-679
-679
-679
-679
-679
-690
-690
-690
-690
-690
-690
-690
-690
-690
-690
-679
-679
-679
-679
-679
-690
-690
-690
-690
-690
-655
-655
-655
-655
-655
-649
-649
-649
-649
-649
-631
-631
-631
-631
-631
-583
-583
-583
-583
-583
-548
-548
-548
-548
-548
-518
-518
-518
-518
-518
-476
-476
-476
-476
-476
-417
-417
-417
-417
-417
-250
-250
-250
-250
-250
-102
-102
-102
-102
-102
5
5
5
5
5
47
47
47
47
47
113
113
113
113
113
202
202
202
202
202
261
261
261
261
261
303
303
303
303
303
386
386
386
386
440
440
440
440
440
481
481
481
481
481
541
541
541
541
541
576
576
576
576
576
618
618
618
618
618
672
672
672
672
672
791
791
791
791
791
826
826
826
826
826
916
916
916
916
916
945
945
945
945
945
993
993
993
993
993
1011
1011
1011
1011
1011
1052
1052
1052
1052
1052
1100
1100
1100
1100
1100
1142
1142
1142
1142
1142
1177
1177
1177
1177
1177
1219
1219
1219
1219
1219
1219
1219
1219
1219
1219
1237
1237
1237
1237
1237
1255
1255
1255
1255
1255
1272
1272
1272
1272
1272
1272
1272
1272
1272
1272
1278
1278
1278
1278
1278
1272
1272
1272
1272
1272
1266
1266
1266
1266
1266
1267
1267
1267
1267
1267
1249
1249
1249
1249
1249
1243
1243
1243
1243
1243
1231
1231
1231
1231
1231
1207
1207
1207
1207
1207
1177
1177
1177
1177
1177
1112
1112
1112
1112
1112
1094
1094
1094
1094
1094
1064
1064
1064
1064
1064
1046
1046
1046
1046
1046
975
975
975
975
975
921
921
921
921
921
868
868
868
868
868
797
797
797
797
797
755
755
755
755
755
713
713
713
713
713
707
707
707
707
707
719
719
719
719
719
743
743
743
743
743
838
838
838
838
838
933
933
933
933
933
951
951
951
951
951
987
987
987
987
987
975
975
975
975
975
904
904
904
904
904
927
927
927
927
927
910
910
910
910
910
886
886
886
886
886
850
850
850
850
850
719
719
719
719
719
707
707
707
707
707
707
707
707
707
707
678
678
678
678
678
678
678
678
678
678
654
654
654
654
654
624
624
624
624
624
571
571
571
571
571
547
547
547
547
547
523
523
523
523
523
499
499
499
499
499
458
458
458
458
458
440
440
440
440
440
452
452
452
452
452
446
446
446
446
446
416
416
416
416
416
392
392
392
392
392
339
339
339
339
339
309
309
309
309
309
255
255
255
255
255
261
261
261
261
261
255
255
255
255
255
273
273
273
273
273
333
333
333
333
333
350
350
350
350
350
327
327
327
327
327
350
350
350
350
350
327
327
327
327
327
315
315
315
315
315
273
273
273
273
273
214
214
214
214
214
226
226
226
226
226
267
267
267
267
267
184
184
184
184
184
172
172
172
172
172
208
208
208
208
208
154
154
154
154
154
148
148
148
148
148
130
130
130
130
130
154
154
154
154
154
130
130
130
130
130
142
142
142
142
142
130
130
130
130
130
136
136
136
136
136
107
107
107
107
107
142
142
142
142
142
124
124
124
124
124
124
124
124
124
124
124
124
124
124
124
124
124
124
124
124
130
130
130
130
113
113
113
113
113
118
118
118
118
118
148
148
148
148
148
136
136
136
136
136
154
154
154
154
154
130
130
130
130
130
107
107
107
107
107
136
136
136
136
136
118
118
118
118
118
124
124
124
124
124
130
130
130
130
130
124
124
124
124
124
136
136
136
136
136
124
124
124
124
124
154
154
154
154
154
154
154
154
154
154
166
166
166
166
166
267
267
267
267
267
333
333
333
333
333
339
339
339
339
339
386
386
386
386
386
404
404
404
404
404
469
469
469
469
469
