298
298
209
209
209
209
209
137
137
137
137
137
78
78
78
78
78
30
30
30
30
30
-59
-59
-59
-59
-59
-136
-136
-136
-136
-136
-184
-184
-184
-184
-184
-243
-243
-243
-243
-243
-303
-303
-303
-303
-362
-362
-362
-362
-362
-422
-422
-422
-422
-422
-458
-458
-458
-458
-458
-517
-517
-517
-517
-517
-559
-559
-559
-559
-559
-630
-630
-630
-630
-630
-660
-660
-660
-660
-660
-719
-719
-719
-719
-719
-767
-767
-767
-767
-767
-785
-785
-785
-785
-785
-808
-808
-808
-808
-808
-820
-820
-820
-820
-820
-844
-844
-844
-844
-844
-832
-832
-832
-832
-832
-868
-868
-868
-868
-868
-904
-904
-904
-904
-904
-898
-898
-898
-898
-898
-904
-904
-904
-904
-904
-886
-886
-886
-886
-886
-916
-916
-916
-916
-916
-904
-904
-904
-904
-904
-898
-898
-898
-898
-898
-910
-910
-910
-910
-910
-898
-898
-898
-898
-898
-880
-880
-880
-880
-880
-916
-916
-916
-916
-916
-898
-898
-898
-898
-898
-922
-922
-922
-922
-922
-916
-916
-916
-916
-916
-910
-910
-910
-910
-910
-898
-898
-898
-898
-898
-874
-874
-874
-874
-874
-826
-826
-826
-826
-826
-808
-808
-808
-808
-808
-749
-749
-749
-749
-749
-695
-695
-695
-695
-695
-618
-618
-618
-618
-618
-565
-565
-565
-565
-565
-475
-475
-475
-475
-475
-410
-410
-410
-410
-410
-315
-315
-315
-315
-315
-202
-202
-202
-202
-202
-136
-136
-136
-136
-136
-95
-95
-95
-95
-95
-5
-5
-5
-5
-5
96
96
96
96
96
155
155
155
155
155
215
215
215
215
215
250
250
250
250
250
232
232
232
232
232
256
256
256
256
256
250
250
250
250
250
334
334
334
334
334
387
387
387
387
387
476
476
476
476
476
548
548
548
548
548
619
619
619
619
619
685
685
685
685
685
768
768
768
768
768
827
827
827
827
827
857
857
857
857
857
911
911
911
911
911
928
928
928
928
928
976
976
976
976
976
976
976
976
976
976
1018
1018
1018
1018
1018
1024
1024
1024
1024
1024
1036
1036
1036
1036
1036
1053
1053
1053
1053
1053
1030
1030
1030
1030
1030
1041
1041
1041
1041
1041
1053
1053
1053
1053
1053
1077
1077
1077
1077
1077
1083
1083
1083
1083
1083
1089
1089
1089
1089
1089
1101
1101
1101
1101
1101
1065
1065
1065
1065
1065
1065
1065
1065
1065
1065
1089
1089
1089
1089
1089
1077
1077
1077
1077
1077
1083
1083
1083
1083
1083
1083
1083
1083
1083
1083
1065
1065
1065
1065
1065
1095
1095
1095
1095
1095
1089
1089
1089
1089
1089
1047
1047
1047
1047
1047
1083
1083
1083
1083
1083
1071
1071
1071
1071
1071
1036
1036
1036
1036
1036
1036
1036
1036
1036
1036
1000
1000
1000
1000
1000
994
994
994
994
994
970
970
970
970
970
958
958
958
958
958
934
934
934
934
934
899
899
899
899
899
869
869
869
869
869
827
827
827
827
827
768
768
768
768
768
726
726
726
726
726
667
667
667
667
667
589
589
589
589
589
548
548
548
548
548
488
488
488
488
488
381
381
381
381
381
286
286
286
286
286
215
215
215
215
215
143
143
143
143
143
90
90
90
90
90
54
54
54
54
54
6
6
6
6
6
-23
-23
-23
-23
-23
-29
-29
-29
-29
-29
-35
-35
-35
-35
-35
-29
-29
-29
-29
-29
-29
-29
-29
-29
-29
-35
-35
-35
-35
-35
-23
-23
-23
-23
-23
-89
-89
-89
-89
-89
-65
-65
-65
-65
-65
-71
-71
-71
-71
-71
-77
-77
-77
-77
-77
-83
-83
-83
-83
-83
-77
-77
-77
-77
-77
-95
-95
-95
-95
-95
-89
-89
-89
-89
-89
-77
-77
-77
-77
-77
-71
-71
-71
-71
-71
-35
-35
-35
-35
-35
-83
-83
-83
-83
-83
-71
-71
-71
-71
-71
-95
-95
-95
-95
-95
-107
-107
-107
-107
-107
-107
-107
-107
-107
-107
-113
-113
-113
-113
-136
-136
-136
-136
-136
-130
-130
-130
-130
-130
-130
-130
-130
-130
-130
-124
-124
-124
-124
-124
-136
-136
-136
-136
-136
-101
-101
-101
-101
-101
-101
-101
-101
-101
-101
-101
-101
-101
-101
-101
-113
-113
-113
-113
-113
-95
-95
-95
-95
-95
-95
-95
-95
-95
-95
-65
-65
-65
-65
-65
-95
-95
-95
-95
-95
-95
-95
-95
-95
-95
-77
-77
-77
-77
-77
-83
-83
-83
-83
-83
-83
-83
-83
-83
-83
-107
-107
-107
-107
-107
-107
-107
-107
-107
-107
-83
-83
-83
-83
-83
-89
-89
-89
-89
-89
-83
-83
-83
-83
-83
-71
-71
-71
-71
-71
-53
-53
-53
-53
-53
-77
-77
-77
-77
-77
-71
-71
-71
-71
-71
-83
-83
-83
-83
-83
-89
-89
-89
-89
-89
-77
-77
-77
-77
-77
-77
-77
-77
-77
-77
-71
-71
-71
-71
-71
-71
-71
-71
-71
-71
-83
-83
-83
-83
-83
-83
-83
-83
-83
-83
-95
-95
-95
-95
-95
-101
-101
-101
-101
-101
-95
-95
-95
-95
-95
-113
-113
-113
-113
-113
-89
-89
-89
-89
-89
-101
-101
-101
-101
-101
-95
-95
-95
-95
-95
-65
-65
-65
-65
-65
-77
-77
-77
-77
-77
-77
-77
-77
-77
-77
-83
-83
-83
-83
-83
-59
-59
-59
-59
-59
-71
-71
-71
-71
-71
-23
-23
-23
-23
-23
-35
-35
-35
-35
-35
-47
-47
-47
-47
-47
-41
-41
-41
-41
-41
-23
-23
-23
-23
-23
6
6
6
6
6
0
0
0
0
0
24
24
24
24
24
60
60
60
60
60
42
42
42
42
42
72
72
72
72
72
119
119
119
119
119
125
125
125
125
125
143
143
143
143
143
143
143
143
143
143
161
161
161
161
161
78
78
78
78
78
48
48
48
48
48
18
18
18
18
18
-29
-29
-29
-29
-29
-17
-17
-17
-17
-17
24
24
24
24
24
18
18
18
18
18
18
18
18
18
18
36
36
36
36
36
36
36
36
36
36
48
48
48
48
48
66
66
66
66
66
60
60
60
60
60
72
72
72
72
72
78
78
78
78
78
66
66
66
66
66
78
78
78
78
78
66
66
66
66
66
42
42
42
42
42
42
42
42
42
42
36
36
36
36
36
54
54
54
54
54
60
60
60
60
60
78
78
78
78
78
78
78
78
78
78
102
102
102
102
102
102
102
102
102
102
84
84
84
84
84
90
90
90
90
90
78
78
78
78
78
54
54
54
54
54
48
48
48
48
48
54
54
54
54
54
30
30
30
30
30
42
42
42
42
42
30
30
30
30
30
6
6
6
6
6
-53
-53
-53
-53
-53
-35
-35
-35
-35
-35
0
0
0
0
0
-11
-11
-11
-11
-11
-17
-17
-17
-17
-17
-47
-47
-47
-47
-47
-17
-17
-17
-17
-17
-35
-35
-35
-35
-35
-5
-5
-5
-5
-5
-29
-29
-29
-29
-29
-29
-29
-29
-29
-29
-41
-41
-41
-41
-41
-23
-23
-23
-23
-23
-47
-47
-47
-47
-47
-35
-35
-35
-35
-35
-47
-47
-47
-47
-47
-53
-53
-53
-53
-53
-41
-41
-41
-41
-41
-41
-41
-41
-41
-41
-53
-53
-53
-53
-53
-41
-41
-41
-41
-41
-35
-35
-35
-35
-35
-35
-35
-35
-35
-35
-71
-71
-71
-71
-71
-65
-65
-65
-65
-65
-47
-47
-47
-47
-47
-35
-35
-35
-35
-35
-11
-11
-11
-11
-11
-11
-11
-11
-11
-11
-23
-23
-23
-23
-23
-17
-17
-17
-17
-17
-11
-11
-11
-11
-11
-35
-35
-35
-35
-35
0
0
0
0
0
6
6
6
6
6
-47
-47
-47
-47
-47
-11
-11
-11
-11
-11
12
12
12
12
24
24
24
24
24
24
24
24
24
24
12
12
12
12
12
6
6
6
6
6
-5
-5
-5
-5
-5
24
24
24
24
24
6
6
6
6
6
24
24
24
24
24
-11
-11
-11
-11
-11
-5
-5
-5
-5
-5
-11
-11
-11
-11
-11
12
12
12
12
12
6
6
6
6
6
-11
-11
-11
-11
-11
6
6
6
6
6
30
30
30
30
30
18
18
18
18
18
42
42
42
42
42
6
6
6
6
6
12
12
12
12
12
18
18
18
18
18
36
36
36
36
36
36
36
36
36
36
18
18
18
18
18
0
0
0
0
0
0
0
0
0
0
6
6
6
6
6
30
30
30
30
30
30
30
30
30
30
-11
-11
-11
-11
-11
-17
-17
-17
-17
-17
-29
-29
-29
-29
-29
-5
-5
-5
-5
-5
-5
-5
-5
-5
-5
-23
-23
-23
-23
-23
-23
-23
-23
-23
-23
-47
-47
-47
-47
-47
-41
-41
-41
-41
-41
-47
-47
-47
-47
-47
-65
-65
-65
-65
-65
-35
-35
-35
-35
-35
-23
-23
-23
-23
-23
12
12
12
12
12
78
78
78
78
78
119
119
119
119
119
173
173
173
173
173
203
203
203
203
203
250
250
250
250
250
298
298
298
298
298
381
381
381
381
381
417
417
417
417
417
464
464
464
464
464
441
441
441
441
441
470
470
470
470
470
494
494
494
494
494
494
494
494
494
494
506
506
506
506
506
500
500
500
500
500
554
554
554
554
554
542
542
542
542
542
500
500
500
500
500
530
530
530
530
530
566
566
566
566
566
482
482
482
482
482
500
500
500
500
500
506
506
506
506
506
488
488
488
488
488
470
470
470
470
470
470
470
470
470
470
429
429
429
429
429
453
453
453
453
453
459
459
459
459
459
459
459
459
459
459
470
470
470
470
470
464
464
464
464
464
387
387
387
387
387
423
423
423
423
423
464
464
464
464
464
405
405
405
405
405
405
405
405
405
405
387
387
387
387
387
393
393
393
393
393
381
381
381
381
381
328
328
328
328
328
316
316
316
316
316
328
328
328
328
328
328
328
328
328
328
322
322
322
322
322
334
334
334
334
334
328
328
328
328
328
345
345
345
345
345
316
316
316
316
316
328
328
328
328
328
334
334
334
334
334
351
351
351
351
351
369
369
369
369
369
351
351
351
351
351
357
357
357
357
357
340
340
340
340
340
340
340
340
340
340
328
328
328
328
328
351
351
351
351
351
328
328
328
328
328
351
351
351
351
351
340
340
340
340
340
345
345
345
345
345
351
351
351
351
340
340
340
340
340
351
351
351
351
351
340
340
340
340
340
334
334
334
334
334
351
351
351
351
351
357
357
357
357
357
351
351
351
351
351
381
381
381
381
381
435
435
435
435
435
506
506
506
506
506
536
536
536
536
536
512
512
512
512
512
512
512
512
512
512
488
488
488
488
488
482
482
482
482
482
441
441
441
441
441
