-84
-64
-64
-64
-64
-64
-58
-58
-58
-58
-58
-19
-19
-19
-19
-19
-6
-6
-6
-6
-6
-19
-19
-19
-19
-19
-12
-12
-12
-12
-12
0
0
0
0
0
0
0
0
0
0
19
19
19
19
19
19
19
19
19
19
58
58
58
58
58
64
64
64
64
64
51
51
51
51
51
77
77
77
77
77
109
109
109
109
109
122
122
122
122
122
135
135
135
135
135
174
174
174
174
174
200
200
200
200
200
206
206
206
206
206
226
226
226
226
226
226
226
226
226
226
219
219
219
219
219
226
226
226
226
226
161
161
161
161
161
135
135
135
135
135
155
155
155
155
155
174
174
174
174
174
200
200
200
200
200
200
200
200
200
200
213
213
213
213
213
219
219
219
219
219
213
213
213
213
213
213
213
213
213
213
219
219
219
219
219
226
226
226
226
226
226
226
226
226
226
219
219
219
219
219
226
226
226
226
226
174
174
174
174
174
129
129
129
129
129
142
142
142
142
142
32
32
32
32
32
-32
-32
-32
-32
-32
-77
-77
-77
-77
-77
-122
-122
-122
-122
-122
-206
-206
-206
-206
-206
-206
-206
-206
-206
-206
-226
-226
-226
-226
-226
-206
-206
-206
-206
-206
-38
-38
-38
-38
-38
-6
-6
-6
-6
-6
12
12
12
12
12
25
25
25
25
25
51
51
51
51
51
77
77
77
77
77
90
90
90
90
90
129
129
129
129
129
206
206
206
206
206
213
213
213
213
213
232
232
232
232
232
264
264
264
264
264
264
264
264
264
264
264
264
264
264
264
271
271
271
271
271
284
284
284
284
284
297
297
297
297
297
278
278
278
278
278
297
297
297
297
297
342
342
342
342
342
349
349
349
349
349
374
374
374
374
374
381
381
381
381
381
407
407
407
407
407
426
426
426
426
426
400
400
400
400
400
420
420
420
420
420
400
400
400
400
400
387
387
387
387
387
381
381
381
381
381
381
381
381
381
381
374
374
374
374
374
342
342
342
342
342
277
277
277
277
277
271
271
271
271
271
303
303
303
303
303
277
277
277
277
277
316
316
316
316
316
342
342
342
342
342
336
336
336
336
336
329
329
329
329
329
349
349
349
349
349
310
310
310
310
310
310
310
310
310
310
349
349
349
349
349
303
303
303
303
303
349
349
349
349
349
349
349
349
349
349
303
303
303
303
303
290
290
290
290
290
264
264
264
264
264
239
239
239
239
239
219
219
219
219
219
226
226
226
226
226
180
180
180
180
180
161
161
161
161
161
116
116
116
116
116
71
71
71
71
71
38
38
38
38
38
12
12
12
12
12
-38
-38
-38
-38
-38
-58
-58
-58
-58
-58
-71
-71
-71
-71
-71
-77
-77
-77
-77
-77
-25
-25
-25
-25
-25
25
25
25
25
25
77
77
77
77
77
96
96
96
96
96
51
51
51
51
51
109
109
109
109
109
155
155
155
155
155
148
148
148
148
148
129
129
129
129
129
155
155
155
155
155
200
200
200
200
200
258
258
258
258
258
252
252
252
252
252
336
336
336
336
336
368
368
368
368
368
368
368
368
368
413
413
413
413
413
433
433
433
433
433
478
478
478
478
478
562
562
562
562
562
581
581
581
581
581
639
639
639
639
639
659
659
659
659
659
749
749
749
749
749
795
795
795
795
795
872
872
872
872
872
898
898
898
898
898
911
911
911
911
911
956
956
956
956
956
943
943
943
943
943
937
937
937
937
937
943
943
943
943
943
930
930
930
930
930
937
937
937
937
937
911
911
911
911
911
885
885
885
885
885
859
859
859
859
859
846
846
846
846
846
814
814
814
814
814
788
788
788
788
788
769
769
769
769
769
730
730
730
730
730
685
685
685
685
685
672
672
672
672
672
620
620
620
620
620
575
575
575
575
575
497
497
497
497
497
426
426
426
426
426
400
400
400
400
400
336
336
336
336
336
264
264
264
264
264
168
168
168
168
168
96
96
96
96
96
45
45
45
45
45
-6
-6
-6
-6
-6
-58
-58
-58
-58
-58
-96
-96
-96
-96
-96
-129
-129
-129
-129
-129
-193
-193
-193
-193
-193
-232
-232
-232
-232
-232
-271
-271
-271
-271
-271
-329
-329
-329
-329
-329
-387
-387
-387
-387
-387
-420
-420
-420
-420
-420
-439
-439
-439
-439
-439
-491
-491
-491
-491
-491
-549
-549
-549
-549
-549
-633
-633
-633
-633
-633
-646
-646
-646
-646
-646
-639
-639
-639
-639
-639
-710
-710
-710
-710
-710
-730
-730
-730
-730
-730
-794
-794
-794
-794
-794
-795
-795
-795
-795
-795
-814
-814
-814
-814
-814
-840
-840
-840
-840
-840
-885
-885
-885
-885
-885
-891
-891
-891
-891
-891
-917
-917
-917
-917
-917
-937
-937
-937
-937
-937
-943
-943
-943
-943
-943
-963
-963
-963
-963
-963
-1001
-1001
-1001
-1001
-1001
-1001
-1001
-1001
-1001
-1001
-1008
-1008
-1008
-1008
-1008
-1027
-1027
-1027
-1027
-1027
-1040
-1040
-1040
-1040
-1040
-1073
-1073
-1073
-1073
-1073
-1066
-1066
-1066
-1066
-1066
-1059
-1059
-1059
-1059
-1059
-1053
-1053
-1053
-1053
-1053
-1072
-1072
-1072
-1072
-1072
-1040
-1040
-1040
-1040
-1040
-1066
-1066
-1066
-1066
-1066
-1047
-1047
-1047
-1047
-1047
-1072
-1072
-1072
-1072
-1072
-1047
-1047
-1047
-1047
-1047
-1014
-1014
-1014
-1014
-1014
-1001
-1001
-1001
-1001
-1001
-995
-995
-995
-995
-995
-956
-956
-956
-956
-956
-943
-943
-943
-943
-943
-898
-898
-898
-898
-898
-833
-833
-833
-833
-833
-762
-762
-762
-762
-762
-730
-730
-730
-730
-730
-646
-646
-646
-646
-646
-652
-652
-652
-652
-652
-730
-730
-730
-730
-730
-853
-853
-853
-853
-853
-878
-878
-878
-878
-878
-937
-937
-937
-937
-937
-975
-975
-975
-975
-975
-1008
-1008
-1008
-1008
-1008
-1047
-1047
-1047
-1047
-1047
-1047
-1047
-1047
-1047
-1047
-1072
-1072
-1072
-1072
-1072
-1066
-1066
-1066
-1066
-1066
-1040
-1040
-1040
-1040
-1040
-1014
-1014
-1014
-1014
-1014
-872
-872
-872
-872
-872
-840
-840
-840
-840
-840
-775
-775
-775
-775
-775
-685
-685
-685
-685
-685
-600
-600
-600
-600
-600
-529
-529
-529
-529
-529
-523
-523
-523
-523
-523
-478
-478
-478
-478
-478
-568
-568
-568
-568
-568
-691
-691
-691
-691
-691
-756
-756
-756
-756
-756
-807
-807
-807
-807
-807
-749
-749
-749
-749
-749
-659
-659
-659
-659
-659
-575
-575
-575
-575
-575
-517
-517
-517
-517
-517
-413
-413
-413
-413
-413
-361
-361
-361
-361
-361
-316
-316
-316
-316
-316
-264
-264
-264
-264
-264
-187
-187
-187
-187
-187
-135
-135
-135
-135
-135
-32
-32
-32
-32
-32
90
90
90
90
90
142
142
142
142
142
155
155
155
155
155
213
213
213
213
213
290
290
290
290
290
361
361
361
361
361
484
484
484
484
484
549
549
549
549
549
607
607
607
607
607
639
639
639
639
639
704
704
704
704
704
866
866
866
866
866
911
911
911
911
911
943
943
943
943
943
963
963
963
963
963
975
975
975
975
975
995
995
995
995
995
969
969
969
969
963
963
963
963
963
950
950
950
950
950
950
950
950
950
950
936
936
936
936
936
910
910
910
910
910
885
885
885
885
885
878
878
878
878
878
878
878
878
878
878
782
782
782
782
782
736
736
736
736
736
691
691
691
691
691
646
646
646
646
646
607
607
607
607
607
568
568
568
568
568
542
542
542
542
542
445
445
445
445
445
374
374
374
374
374
297
297
297
297
297
239
239
239
239
239
200
200
200
200
200
129
129
129
129
129
90
90
90
90
90
38
38
38
38
38
0
0
0
0
0
-58
-58
-58
-58
-58
-180
-180
-180
-180
-180
-258
-258
-258
-258
-258
-316
-316
-316
-316
-316
-349
-349
-349
-349
-349
-394
-394
-394
-394
-394
-413
-413
-413
-413
-413
-491
-491
-491
-491
-491
-555
-555
-555
-555
-555
-665
-665
-665
-665
-665
-710
-710
-710
-710
-710
-736
-736
-736
-736
-736
-756
-756
-756
-756
-756
-846
-846
-846
-846
-846
-898
-898
-898
-898
-898
-943
-943
-943
-943
-943
-962
-962
-962
-962
-962
-1001
-1001
-1001
-1001
-1001
-1001
-1001
-1001
-1001
-1001
-1001
-1001
-1001
-1001
-1001
-1001
-1001
-1001
-1001
-1001
-982
-982
-982
-982
-982
-924
-924
-924
-924
-924
-853
-853
-853
-853
-853
-866
-866
-866
-866
-866
-846
-846
-846
-846
-846
-840
-840
-840
-840
-840
-885
-885
-885
-885
-885
-891
-891
-891
-891
-891
-885
-885
-885
-885
-885
-905
-905
-905
-905
-905
-937
-937
-937
-937
-937
-976
-976
-976
-976
-976
-962
-962
-962
-962
-962
-969
-969
-969
-969
-969
-950
-950
-950
-950
-950
-937
-937
-937
-937
-937
-969
-969
-969
-969
-969
-975
-975
-975
-975
-975
-982
-982
-982
-982
-982
-969
-969
-969
-969
-969
-1001
-1001
-1001
-1001
-1001
-969
-969
-969
-969
-969
-975
-975
-975
-975
-975
-982
-982
-982
-982
-982
-975
-975
-975
-975
-975
-988
-988
-988
-988
-988
-1001
-1001
-1001
-1001
-1001
-1001
-1001
-1001
-1001
-1001
-1020
-1020
-1020
-1020
-1020
-1014
-1014
-1014
-1014
-1014
-1027
-1027
-1027
-1027
-1027
-1008
-1008
-1008
-1008
-1008
-1008
-1008
-1008
-1008
-1008
-1027
-1027
-1027
-1027
-1027
-1014
-1014
-1014
-1014
-1014
-1021
-1021
-1021
-1021
-1021
-1020
-1020
-1020
-1020
-1020
-1034
-1034
-1034
-1034
-1034
-1014
-1014
-1014
-1014
-1014
-1014
-1014
-1014
-1014
-1014
-1014
-1014
-1014
-1014
-1014
-1020
-1020
-1020
-1020
-1020
-1027
-1027
-1027
-1027
-1027
-1040
-1040
-1040
-1040
-1040
-1040
-1040
-1040
-1040
-1040
-1040
-1040
-1040
-1040
-1040
-1053
-1053
-1053
-1053
-1053
-1033
-1033
-1033
-1033
-1033
-1008
-1008
-1008
-1008
-1008
-1027
-1027
-1027
-1027
-1027
-1027
-1027
-1027
-1027
-1027
-1033
-1033
-1033
-1033
-1033
-1021
-1021
-1021
-1021
-1021
-1040
-1040
-1040
-1040
-1040
-1027
-1027
-1027
-1027
-1028
-1028
-1028
-1028
-1028
-1046
-1046
-1046
-1046
-1046
-1014
-1014
-1014
-1014
-1014
-1027
-1027
-1027
-1027
-1027
-1008
-1008
-1008
-1008
-1008
-1033
-1033
-1033
-1033
-1033
-1020
-1020
-1020
-1020
-1020
-1020
-1020
-1020
-1020
-1020
-1027
-1027
-1027
-1027
-1027
-1014
-1014
-1014
-1014
-1014
-1034
-1034
-1034
-1034
-1034
-1008
-1008
-1008
-1008
-1008
-1014
-1014
-1014
-1014
-1014
-1034
-1034
-1034
-1034
-1034
-1027
-1027
-1027
-1027
-1027
-1027
-1027
-1027
-1027
-1027
-1040
-1040
-1040
-1040
-1040
-1027
-1027
-1027
-1027
-1027
-1027
-1027
-1027
-1027
-1027
-1020
-1020
-1020
-1020
-1020
-1014
-1014
-1014
-1014
-1014
-1007
-1007
-1007
-1007
-1007
-1008
-1008
-1008
-1008
-1008
-988
-988
-988
-988
-988
-995
-995
-995
-995
-995
-982
-982
-982
-982
-982
-995
-995
-995
-995
-995
-1020
-1020
-1020
-1020
-1020
-1014
-1014
-1014
-1014
-1014
-988
-988
-988
-988
-988
