0
-23
-22
-28
-24
-23
-24
-27
-28
-22
-27
-20
-25
-27
-25
-26
-23
-28
-21
-27
-25
-27
-31
-26
-27
-20
-29
-29
-24
-24
-28
-27
-27
-16
-30
-21
-30
-27
-23
-16
-27
-26
-27
-23
-25
-25
-28
-26
-27
-21
-32
-27
-21
-27
-23
-27
-24
-23
-25
-28
-30
-24
-23
-27
-25
-30
-23
-26
-24
-34
-25
-29
-23
-29
-25
-28
-26
-30
-22
-25
-23
-26
-24
-19
-22
-33
-25
20
12
-73
-18
-28
-56
-17
8
-28
-29
-37
-23
14
-1
-29
-76
-62
-45
-2
0
-26
-36
-54
9
1
78
-144
-46
-8
38
89
-12
25
21
82
118
133
149
186
119
130
197
103
193
231
233
223
235
257
326
322
324
325
364
381
369
377
385
485
475
488
502
480
505
543
561
551
544
549
583
593
616
658
638
615
552
596
616
706
689
641
623
649
652
692
683
659
634
651
704
680
627
626
587
583
589
596
600
606
575
587
558
456
502
491
463
446
360
377
354
495
442
403
355
321
299
315
278
255
250
163
156
158
171
177
145
158
76
27
10
27
23
0
-8
-87
-74
-77
-101
-84
-71
-104
-161
-245
-206
-152
-134
-153
-221
-258
-236
-198
-196
-212
-252
-274
-234
-241
-206
-232
-277
-283
-259
-257
-264
-301
-300
-263
-270
-268
-276
-317
-336
-315
-294
-307
-311
-331
-328
-316
-316
-332
-319
-325
-368
-335
-296
-274
-262
-321
-324
-330
-295
-216
-244
-279
-270
-250
-214
-210
-241
-248
-238
-223
-202
-191
-187
-168
-202
-230
-207
-193
-201
-201
-174
-185
-161
-176
-190
-177
-156
-151
-137
-225
-231
-177
-163
-181
-126
-126
-163
-183
-181
-190
-132
-145
-168
-193
-41
-46
-92
-90
-174
-86
-83
-59
-83
-27
-65
-90
-93
-83
-95
-85
52
41
95
15
-197
21
233
10
8
-47
93
94
101
99
126
138
146
172
188
148
162
212
229
225
254
228
263
297
314
333
316
340
376
396
395
406
359
357
387
435
437
488
477
446
450
493
510
531
528
531
587
621
584
593
586
577
638
735
667
678
691
765
832
861
784
743
770
752
759
781
766
788
813
836
852
870
887
834
813
794
799
869
886
872
793
716
731
743
701
741
704
673
648
631
590
628
562
523
527
575
528
418
460
466
397
358
317
339
360
229
235
202
225
214
162
46
75
10
-99
20
69
-19
-94
-2
-15
-66
-143
-156
-208
-263
-198
-168
-219
-301
-312
-275
-272
-230
-256
-228
-201
-236
-265
-269
-302
-333
-381
-417
-390
-389
-398
-395
-378
-398
-409
-429
-461
-471
-444
-431
-445
-462
-439
-415
-418
-396
-406
-421
-419
-435
-437
-466
-493
-487
-503
-540
-565
-551
-536
-570
-585
-568
-546
-551
-560
-503
-496
-543
-477
-486
-510
-501
-495
-506
-480
-516
-531
-512
-501
-518
-498
-495
-475
-499
-485
-474
-448
-442
-455
-464
-454
-453
-430
-386
-369
-377
-409
-424
-423
-417
-430
-375
-306
-305
-268
-298
-363
-374
-318
-319
-315
-321
-355
-370
-361
-299
-254
-235
-232
-206
-165
-280
-220
-256
-193
-185
-157
-127
-126
-136
-161
-86
-76
-63
-37
-61
-84
-73
-24
-25
-41
-41
-56
-34
-36
78
38
6
-32
-38
41
51
35
10
24
60
114
74
36
10
39
100
109
61
24
69
119
38
81
44
48
5
51
90
119
100
86
80
70
109
110
144
128
114
101
135
136
145
182
182
148
114
103
111
134
164
164
172
119
102
154
225
210
177
201
188
186
215
214
211
224
208
254
200
190
223
285
274
248
271
261
212
208
238
240
283
261
228
225
244
211
254
341
282
249
323
248
233
237
155
202
258
225
218
246
196
126
127
207
207
222
221
180
191
194
270
275
234
219
236
202
181
221
179
136
128
139
191
211
209
159
140
156
190
177
194
143
155
139
163
162
191
162
148
160
165
153
159
158
135
155
188
221
197
163
135
175
156
185
186
181
127
91
116
132
148
151
156
137
119
113
133
125
67
106
75
64
71
26
14
54
-4
-31
-29
-58
-7
-10
-79
-99
-100
-67
-25
-24
-57
-114
-112
-39
-113
-72
-46
-52
-109
-62
-91
-157
-66
-54
-15
-58
-54
-56
-34
-27
-34
-32
-55
-68
-75
-63
-51
-76
-105
-66
-62
-70
-55
-20
-19
-42
-11
-27
-19
-24
-64
-48
-50
-51
-81
-64
-23
-34
-60
-67
-80
-81
-72
-67
-74
-86
-97
-78
-56
-34
-6
-49
-63
-50
-61
-51
-29
-38
-41
-54
-44
-51
-40
-23
-62
-69
-54
-26
-55
-40
-51
1
-18
0
-40
-66
-46
-16
-5
2
0
-42
-55
-51
-58
-65
-77
-64
-33
-27
-24
-21
-31
-49
-21
-22
-41
-15
-36
-27
-31
-39
-62
-59
-69
-49
-48
-47
-55
-71
-61
-63
-64
-57
-52
-49
-53
-62
-83
-77
-64
-41
-75
-21
-20
-64
-99
-105
-76
-54
-31
-25
-74
-81
-107
-51
-10
-27
-38
-45
-51
-38
-44
-51
-56
-45
-31
-42
-60
-65
-46
-33
-21
-33
-52
-66
-47
-34
-36
-62
-63
-63
-59
-84
-59
-56
-42
-67
-63
-75
-67
-64
-60
-57
-52
-47
-74
-81
-79
-61
-74
-54
-74
-90
-83
-87
-70
-62
-72
-90
-92
-71
-64
-65
-78
-93
-99
-102
-102
-118
-68
-71
-87
-102
-99
-107
-107
-106
-114
-113
-112
-108
-98
-94
-81
-88
-100
-104
-121
-128
-134
-141
-110
-102
-93
-105
-115
-116
-110
-105
-105
-108
-126
-112
-108
-101
-113
-101
-110
-117
-121
-98
-118
-124
-113
-109
-106
-100
-102
-105
-102
-113
-125
-117
-108
-110
-123
-118
-134
-125
-117
-143
-142
-126
-123
-127
-137
-144
-124
-123
-122
-130
-136
-137
-135
-139
-136
-131
-130
-113
-120
-128
-131
-132
-142
-143
-144
-158
-160
-158
-147
-154
-150
-146
-159
-150
-140
-132
-170
-157
-159
-161
-158
-162
-172
-168
-156
-172
-154
-125
-169
-266
-197
-195
-261
-189
-197
-227
-247
-238
-252
-261
-268
-310
-279
-281
-265
-286
-335
-337
-325
-304
-285
-320
-350
-357
-355
-359
-369
-363
-379
-386
-390
-373
-394
-401
-413
-446
-437
-429
-458
-478
-479
-512
-500
-509
-537
-539
-556
-546
-543
-539
-550
-567
-579
-589
-577
-592
-614
-606
-597
-599
-607
-612
-628
-632
-635
-628
-638
-642
-650
-651
-647
-647
-658
-669
-659
-681
-672
-666
-686
-694
-676
-685
-679
-671
-669
-681
-673
-672
-686
-698
-683
-682
-692
-690
-673
-681
-687
-689
-700
-693
-689
-701
-692
-688
-673
-674
-706
-697
-709
-701
-688
-688
-699
-699
-708
-700
-696
-695
-705
-710
-719
-700
-704
-705
-703
-703
-714
-722
-720
-704
-720
-719
-709
-712
-718
-717
-718
-727
-725
-728
-724
-723
-712
-727
-733
-744
-733
-744
-740
-741
-749
-741
-726
-733
-746
-749
-753
-744
-765
-746
-742
-758
-770
-757
-768
-756
-755
-761
-762
-747
-762
-760
-805
-791
-786
-780
-777
-770
-798
-809
-833
-799
-784
-806
-802
-792
-825
-848
-815
-797
-829
-834
-810
-833
-846
-812
-855
-821
-829
-856
-844
-862
-873
-844
-859
-879
-875
-864
-862
-890
-883
-864
-852
-864
-897
-907
-907
-907
-932
-912
-913
-905
-928
-943
-957
-946
-938
-927
-936
-915
-942
-943
-996
-964
-937
-917
-940
-940
-965
-967
-980
-982
-960
-921
-927
-958
-996
-987
-1002
-1002
-984
-957
-963
-964
-961
-1000
-979
-971
-977
-1013
-1002
-1005
-989
-967
-963
-983
-978
-985
-978
-979
-1003
-972
-990
-1006
-986
-967
-1008
-1026
-1025
-1024
-1018
-1015
-1046
-984
-982
-1008
-982
-974
-968
-989
-962
-977
-1023
-1009
-964
-999
-982
-954
-979
-1025
-1011
-968
-936
-964
-970
-991
-991
-928
-932
-964
-988
-986
-964
-924
-916
-953
-968
-945
-944
-949
-942
-917
-913
-908
-929
-922
-887
-900
-872
-899
-907
-915
-918
-910
-883
-864
-870
-870
-834
-822
-819
-816
-826
-813
-817
-852
-844
-834
-817
-792
-812
-803
-800
-785
-774
-780
-772
-745
-746
-770
-736
-702
-689
-682
-672
-692
-686
-686
-680
-656
-656
-643
-661
-631
-654
-654
-636
-603
-580
-590
-598
-595
-558
-523
-549
-548
-549
-538
-526
-510
-508
-480
-478
-484
-471
-489
-475
-450
-446
-427
-436
-435
-420
-420
-401
-403
-387
-383
-371
-371
-336
-309
-310
-301
-274
-262
-276
-282
-270
-276
-256
-230
-205
-210
-190
-182
-182
-176
-158
-152
-114
-128
-138
-122
-114
-110
-119
-89
-88
-83
-54
-45
-36
-48
-54
-46
-32
-13
-5
8
-5
19
35
43
51
24
20
44
86
125
143
160
134
93
80
94
157
181
184
158
125
138
182
224
205
147
114
117
130
154
181
179
191
185
156
176
192
167
169
165
145
130
137
154
180
214
193
181
190
213
226
211
212
209
204
221
221
224
233
236
216
221
259
309
341
294
278
272
293
331
317
259
218
278
298
294
280
280
279
236
245
294
288
305
302
309
360
360
354
367
371
366
358
354
395
401
424
458
454
459
469
456
475
446
436
492
525
500
490
546
536
536
564
576
570
573
587
618
637
588
634
687
642
682
656
677
700
678
651
669
667
681
673
639
673
690
726
741
680
701
716
706
714
716
770
732
727
714
718
724
740
757
747
750
761
791
799
784
774
781
795
778
788
847
843
791
746
748
809
879
834
809
836
843
795
830
850
868
896
850
824
804
874
879
844
882
860
881
884
889
897
928
888
888
866
856
880
891
870
890
865
882
873
877
894
904
899
926
917
862
885
870
878
859
855
842
858
857
822
849
846
842
873
869
849
794
810
823
861
839
810
810
814
794
797
780
806
809
771
763
771
794
789
774
750
728
716
693
669
678
675
666
673
661
636
626
619
593
599
559
565
560
551
567
540
509
524
541
480
492
484
481
426
425
402
364
370
353
311
301
254
256
262
246
229
187
179
142
118
105
78
39
-2
78
42
3
-19
-54
-35
-23
-23
-68
-52
-85
-107
-96
-85
-100
-93
-119
-118
-125
-142
-121
-132
-169
-193
-213
-216
-198
-190
-193
-184
-192
-208
-210
-232
-236
-226
-248
-263
-267
-268
-265
-272
-304
-326
-314
-299
-312
-303
-335
-327
-338
-349
-337
-310
-324
-351
-388
-408
-404
-364
-403
-398
-403
-396
-392
-387
-426
-442
-433
-430
-380
-420
-424
-475
-506
-471
-470
-466
-485
-484
-462
-472
-482
-445
-468
-491
-478
-465
-522
-504
-446
-526
-561
-590
-602
-559
-512
-495
-526
-590
-581
-597
-591
-585
-582
-602
-589
-572
-603
-594
-568
-613
-623
-660
-680
-642
-645
-646
-679
-676
-615
-616
-677
-656
-648
-673
-674
-659
-704
-706
-695
-703
-680
-683
-706
-721
-702
-657
-682
-722
-753
-784
-735
-739
-707
-739
-763
-753
-738
-748
-784
-812
-845
-810
-787
-819
-838
-811
-784
-785
-804
-805
-836
-840
-880
-853
-853
-834
-857
-857
-806
-787
-781
-826
-817
-841
-881
-901
-987
-935
-883
-898
-889
-876
-846
-789
-842
-848
-862
-868
-868
-855
-849
-894
-912
-871
-883
-900
-929
-954
-888
-904
-915
-864
-860
-887
-913
-920
-937
-912
-925
-929
-925
-920
-916
-913
-926
-947
-964
-952
-915
-896
-931
-973
-1001
-951
-890
-909
-939
-965
-970
-955
-934
-962
-983
-1006
-1001
-963
-934
-979
-970
-987
-984
-979
-965
-930
-1013
-1007
-1031
-1012
-1025
-965
-903
-931
-954
-950
-1048
-999
-1036
-999
-1023
-1043
-988
-937
-974
-918
-948
-1002
-1008
-1013
-958
-1003
-1012
-1039
-1066
-1030
-1055
-1079
-1050
-947
-962
-1001
-1006
-1091
-1048
-986
-955
-960
-955
-991
-1011
-1017
-1020
-981
-1043
-1024
-998
-994
-976
-979
-986
-1003
-1049
-1005
-960
-958
-955
-1005
-1022
-990
-962
-978
-982
-957
-930
-912
-914
-918
-926
-900
-904
-940
-942
-956
-937
-890
-869
-854
-861
-885
-897
-914
-924
-906
-902
-919
-920
-951
-951
-937
-915
-956
-997
-1017
-1013
-961
-933
-962
-1021
-1032
-993
-1008
-981
-969
-1043
-1089
-1042
-1003
-968
-987
-999
-988
-979
-964
-968
-955
-950
-964
-1026
-1037
-1017
-985
-941
-928
-937
-990
-953
-910
-924
-915
-895
-863
-853
-840
-799
-786
-806
-817
-811
-754
-785
-766
-728
-697
-730
-717
-711
-729
-733
-685
-710
-646
-643
-624
-606
-518
-535
-637
-635
-682
-608
-599
-569
-488
-500
-514
-519
-525
-482
-490
-456
-453
-523
-451
-419
-362
-375
-404
-424
-406
-348
-377
-363
-347
-333
-333
-332
-267
-201
-163
-152
-156
-134
-96
-35
62
88
60
42
21
77
104
99
133
126
140
208
244
250
268
319
265
334
374
345
363
412
435
441
452
475
463
512
570
596
583
546
596
596
597
604
571
610
695
682
688
672
682
719
724
755
752
771
785
740
791
839
875
859
835
831
864
878
844
878
817
924
1017
1036
960
893
880
935
960
948
881
848
920
936
918
870
866
844
824
877
909
923
911
878
816
843
874
876
853
859
875
851
786
765
787
794
753
803
785
755
749
708
736
702
658
653
621
682
712
699
709
646
575
630
629
582
607
575
576
545
506
542
599
604
497
467
437
525
430
376
485
491
487
475
422
385
411
471
450
441
400
414
380
458
347
313
317
323
252
227
375
368
354
322
254
178
214
190
168
242
192
156
113
23
55
61
17
17
15
19
35
-39
-48
-28
-77
-51
-105
-121
-156
-183
-187
-180
-188
-214
-190
-177
-179
-203
-238
-268
-253
-271
-303
-315
-417
-408
-428
-429
-440
-451
-425
-410
-570
-580
-607
-632
-572
-591
-637
-676
-728
-675
-668
-740
-757
-747
-786
-767
-763
-833
-835
-799
-782
-848
-843
-851
-872
-916
-951
-885
-903
-897
-920
-992
-1126
-1133
-994
-916
-914
-943
-955
-1016
-1025
-990
-995
-1012
-1024
-1019
-1002
-998
-1018
-1021
-1018
-983
-978
-977
-974
-987
-978
-995
-1003
-980
-976
-979
-963
-984
-978
-973
-968
-945
-940
-961
-957
-961
-940
-942
-937
-943
-966
-965
-909
-896
-897
-885
-896
-908
-891
-881
-858
-871
-860
-875
-897
-862
-824
-801
-813
-853
-858
-821
-809
-822
-833
-837
-836
-809
-798
-803
-764
-761
-780
-775
-731
-774
-693
-693
-700
-701
-696
-689
-685
-676
-673
-670
-657
-675
-654
-595
-610
-671
-611
-645
-661
-620
-615
-604
-579
-589
-540
-579
-655
-578
-489
-500
-516
-482
-493
-476
-459
-481
-430
-418
-419
-400
-415
-416
-450
-411
-425
-434
-448
-435
-454
-423
-337
-328
-283
-312
-400
-358
-340
-354
-377
-370
-375
-259
-309
-268
-249
-258
-262
-183
-214
-227
-251
-162
-182
-161
-209
-171
-178
-173
-89
-237
-132
-153
-195
-168
-157
-166
-123
-122
-117
-132
-137
-130
-109
-82
-50
7
16
32
51
35
56
73
82
59
61
6
-7
62
94
240
126
66
-18
-34
28
100
87
58
50
52
41
109
88
36
45
48
113
111
96
71
54
98
78
14
-36
1
203
367
-26
-87
-19
86
91
124
60
37
112
83
37
4
-15
-18
21
-4
-16
23
28
72
81
78
41
-22
-11
14
0
0
-14
22
91
122
50
-9
-1
13
56
13
-15
-33
20
78
61
24
-72
-49
-16
10
-5
-18
-47
-28
-10
-30
-43
-54
-73
-83
-45
-25
-68
-34
-31
-64
-65
-104
-110
-86
-75
-119
-114
-103
-37
-109
-100
-150
-153
-124
-109
-151
-188
-186
-215
-33
-279
-46
-45
-34
-38
-86
-49
-88
-114
-106
-114
-193
-61
43
-39
-30
-20
34
8
-31
-4
19
-104
-65
9
51
50
-61
-139
-155
-18
25
-4
-48
-83
-61
-189
-36
-6
6
-1
-43
-52
-53
-28
-27
-59
-73
-35
8
28
32
2
5
-5
1
3
24
10
14
19
20
14
-12
-18
-28
-48
-60
-69
-40
-30
-9
4
-35
-84
-65
-46
-6
-31
-30
-61
-62
-37
-24
-21
0
-16
-33
-19
-7
-16
-25
-35
-50
-61
-54
-44
-31
-30
-70
-69
-32
0
2
-40
-78
-109
-57
-32
-13
-25
-38
-59
-87
-74
-49
-22
-8
-26
-124
-140
-70
-72
-52
-85
-84
8
20
-25
-102
-72
-40
-15
-5
-26
-50
-40
-69
-73
-70
-52
-51
-79
-82
-40
-40
-81
-35
-38
-13
-33
-23
-25
-50
-42
-60
-53
-75
-72
-40
-10
17
5
-37
-35
-44
-9
2
-12
-46
-56
-47
-29
-13
-8
-7
32
34
35
30
2
-10
6
33
-1
-19
3
-3
8
14
-3
-22
-13
-10
4
35
17
-21
-68
-52
-35
-10
8
-13
-13
-11
-3
1
0
-66
-46
62
86
32
-10
-36
-28
-10
-35
11
90
93
74
45
55
29
69
65
41
16
33
22
44
54
11
-3
18
35
33
13
0
19
44
31
40
15
1
-51
-27
-26
0
33
25
0
-2
6
21
25
45
58
34
-3
-17
11
30
0
-13
-40
-62
-28
28
9
-21
-46
-29
-13
8
46
-25
-45
-75
-37
-76
3
-44
-51
-44
-57
-45
-20
-42
-3
9
-64
-54
-64
-78
-39
-9
34
-19
-8
-42
-32
32
-7
-66
-94
-109
-65
-44
-23
-58
-69
-68
-60
-41
-12
-3
-39
-44
-49
-62
-25
58
35
-3
-45
-82
6
-9
-2
-51
-86
-58
23
3
-86
-123
-69
-57
-15
-73
-50
-130
-86
-64
-58
-31
-34
-81
-79
-64
-123
-53
-38
-46
7
13
64
48
-36
-28
-39
-20
27
48
-10
-28
47
-130
19
88
74
44
-17
-28
11
45
59
4
2
37
30
16
16
98
110
31
28
61
90
78
46
-3
0
28
47
39
24
-1
-2
23
30
10
20
10
25
19
9
19
6
11
-8
-10
-10
-37
12
-149
18
3
-7
-13
4
-16
-26
-33
-26
-33
-39
-39
-29
-29
-34
-38
-30
-28
4
-49
-19
-15
-18
-16
-24
-40
-40
-49
-30
-43
-31
-42
-41
-43
-46
-46
-38
-41
-34
-47
-42
-34
-42
-38
-35
-40
-38
-39
-47
-31
-13
-22
-2
-30
-45
-68
-52
-20
-44
-66
-49
-64
-41
-47
-26
-40
-55
-50
-62
-78
-76
-80
-94
-77
-87
-82
-97
-115
-104
-96
-79
-90
-90
-108
-101
-94
-99
-90
-104
-140
-139
-113
-65
-87
-104
-97
-93
-115
-99
-92
-98
-91
-82
-84
-103
-98
-119
-136
-131
-134
-152
-130
-113
-153
-165
-156
-177
-172
-164
-156
-158
-147
-134
-143
-147
-159
-122
-122
-108
-111
-114
-120
-121
-108
-127
-95
-115
-109
-122
-129
-101
-127
-136
-152
-129
-122
-126
-145
-154
-152
-128
-111
-106
-107
-116
-124
-148
-113
-110
-112
-116
-114
-123
-118
-117
-115
-110
-113
-125
-123
-104
-91
-83
-106
-116
-107
-99
-97
-95
-112
-108
-99
-95
-95
-102
-104
-117
-107
-99
-93
-97
-112
-72
-99
-99
-103
-110
-156
-92
-67
-85
-90
-63
-97
-109
-101
-118
-77
-39
-101
-151
-137
-93
-94
-95
-61
-86
-103
-152
-82
-49
-94
-67
-55
-104
-116
-92
-72
-69
-94
-86
-103
-66
-18
-4
-36
-85
-111
-159
-174
-173
-150
-170
-153
-179
-163
-179
-154
-100
-81
-84
-118
-139
-151
-146
-127
-91
-135
-145
-200
-254
-224
-158
-107
-126
-180
-213
-187
-67
-56
-108
-158
-187
-159
-123
-110
-92
-123
-141
-139
-148
-139
-131
-148
-165
-196
-191
-166
-163
-250
-154
-73
-103
40
-257
-128
-183
-163
-163
-210
-177
-146
-154
-219
-288
-187
-182
-177
-160
-154
-190
-159
-131
-130
-159
-223
-229
-193
-168
-153
-127
-88
-98
-104
-104
-91
-101
-108
-101
-94
-100
-101
-100
-89
-86
-70
-74
-81
-93
-73
-39
-26
-51
-58
-66
-28
-16
3
-18
-20
-11
-17
-13
-6
-11
10
-13
-17
10
-3
-6
38
27
10
10
12
20
14
24
22
20
0
3
-1
-19
1
6
-5
-11
-2
16
27
26
42
57
57
31
32
30
16
40
28
7
47
18
17
33
32
-3
-13
-14
1
22
-7
6
-7
7
14
19
5
-10
-22
-17
32
6
-13
-65
-91
-88
-63
-36
-15
-97
66
-2
24
-4
-7
-21
-39
-39
-108
2
29
64
62
40
5
-65
-79
-65
-40
-124
-98
-76
-53
-29
-35
-11
0
-20
-24
16
-43
-41
-43
-33
16
-2
-10
-62
-147
-157
-173
-144
-52
-3
-27
-51
-102
-116
-82
-67
-97
-153
-152
-159
-191
-168
-130
-87
-54
-104
-128
-129
-167
-204
-166
-141
-161
-127
-62
-53
-79
-46
-29
-71
-105
-151
-207
-223
-162
-152
-245
-157
-178
-103
-79
-165
-163
-137
-146
-107
-109
-66
-228
-159
-30
19
3
-20
-38
-79
-111
-72
12
-33
-118
28
-72
-121
-117
-87
-138
-117
-38
-77
-76
-93
-93
-104
-103
-72
-53
-78
-90
-79
-73
-76
-108
-74
-58
-72
-99
50
-46
-87
-43
-24
-99
5
16
-54
-29
-32
-36
-66
-42
-48
78
-45
-76
-53
-16
-62
-75
-66
-45
5
-11
-54
-52
-49
-56
-35
-12
-29
-23
-26
-34
-12
5
-17
-42
-40
-8
3
32
28
0
-10
-14
17
38
18
41
27
9
21
13
20
64
38
-3
-15
0
70
39
51
29
49
31
59
59
43
25
52
48
25
22
10
3
49
44
55
64
51
72
68
86
48
36
72
97
112
72
66
83
64
74
35
31
49
81
39
47
60
36
8
40
50
72
49
31
24
40
69
68
38
31
47
72
67
26
51
39
42
59
58
31
32
28
26
31
40
27
42
49
41
49
28
17
43
41
77
57
67
45
40
95
119
53
54
111
102
100
133
127
119
129
133
107
89
77
95
90
158
173
133
76
45
56
49
102
121
99
-3
59
100
130
113
119
135
53
6
97
84
78
29
49
62
102
142
125
73
52
41
64
60
52
22
22
35
27
-3
-34
-14
4
6
-11
-31
-48
-54
-62
-41
-6
-7
-11
0
-25
-30
-39
-39
-22
-31
-21
-23
-42
-78
-38
-20
-32
-47
-72
-62
-40
-40
-20
-45
-64
-75
-57
-59
-56
-51
-87
-65
-58
-44
-53
-30
-45
-73
-123
-104
-76
-57
-80
-104
-146
-134
-93
-77
-57
-86
-90
-97
-93
-90
-72
-79
-91
-50
-30
-124
-146
-74
-110
-102
-69
-135
-130
-83
-94
-80
-100
-123
-103
-68
-67
-69
-98
-96
-111
-90
-95
-58
-80
-110
-111
-101
-50
-34
-70
-83
-100
-114
-114
-106
-99
-107
-97
-109
-117
-118
-150
-141
-151
-105
-104
-98
-117
-113
-106
-98
-105
-90
-101
-90
-85
-102
-117
-96
-90
-97
-62
-83
-89
-84
-92
-102
-82
-97
-113
-150
-88
-45
-38
-47
-103
-155
-162
-227
-158
-128
-150
-86
-78
-186
-313
-225
-117
-60
-23
-133
-163
-189
-185
-128
-138
-114
-154
-158
-145
-125
-137
-127
-168
-158
-158
-160
-135
-116
-140
-159
-153
-157
-157
-133
-161
-160
-155
-162
-157
-217
-194
-161
-182
-184
-162
-212
-199
-185
-205
-184
-150
-177
-170
-197
-172
-187
-185
-225
-183
-201
-157
-166
-160
-179
-218
-216
-159
-158
-175
-172
-148
-176
-180
-188
-145
-135
-137
-164
-178
-176
-171
-160
-149
-153
-114
-155
-147
-186
-114
-100
-109
-125
-145
-149
-168
-156
-169
-178
-128
-120
-135
-150
-168
-187
-147
-132
-142
-144
-159
-167
-178
-151
-142
-141
-172
-209
-211
-189
-161
-153
-152
-154
-142
-151
-154
-157
-139
-128
-133
-126
-137
-151
-155
-126
-121
-149
-168
-181
-152
-105
-109
-112
-162
-141
-128
-163
-159
-90
-143
-193
-160
-134
-143
-159
-156
-149
-173
-166
-166
-210
-221
-211
-202
-208
-188
-213
-224
-201
-125
-175
-165
-219
-246
-186
-179
-202
-133
-128
-147
-160
-164
-162
-159
-181
-195
-198
-171
-150
-187
-171
-159
-140
-101
-118
-42
-23
-52
-49
-123
-83
-61
-87
-94
-106
-83
-84
-71
-16
-54
-57
-47
-36
-61
-42
-61
-90
-101
-26
-47
-35
-49
-76
-144
-99
-64
-61
-37
-93
-109
-132
-118
-48
-72
1
18
-64
-18
-18
-21
8
5
-76
-3
-105
-10
12
-20
-15
23
-20
-25
-2
-99
1
-31
-14
-31
57
70
-123
-62
11
11
-139
-48
5
-56
-54
-35
-63
-9
42
65
-32
110
184
107
110
0
14
0
-40
-41
-61
-50
-12
-10
-37
6
-18
-26
-21
22
34
20
3
-58
-28
-21
27
-30
-56
-37
-4
-48
130
70
-9
18
-50
-52
-35
9
162
-6
23
80
230
66
69
54
-37
18
92
57
63
25
36
-12
111
-87
42
59
49
40
-12
-14
30
4
16
-15
0
13
27
26
6
2
11
68
52
58
35
31
51
11
52
8
-42
-31
-10
14
22
0
-21
-15
32
85
34
0
-45
-30
-50
19
32
7
-16
-11
3
17
-4
14
32
26
23
-14
3
13
-15
-14
18
-20
-35
-32
-61
1
21
7
43
42
29
26
78
85
81
10
-14
-47
-16
8
136
60
55
44
77
81
80
77
93
110
87
77
51
86
121
135
96
90
106
119
118
98
91
100
144
36
126
128
119
63
176
144
128
109
116
136
158
121
92
118
102
118
125
129
73
94
85
92
117
125
123
121
126
130
133
141
92
96
137
150
117
112
82
122
146
176
186
145
135
143
137
162
166
162
138
149
167
158
175
160
144
153
172
206
205
211
166
167
165
174
225
212
196
195
190
190
164
136
129
149
179
197
175
178
166
168
147
166
166
191
177
163
156
153
160
170
166
141
138
156
112
142
116
126
135
137
147
134
107
117
118
105
92
120
102
93
99
123
107
117
110
108
82
89
99
141
114
82
81
98
134
148
103
79
94
105
109
112
93
84
92
105
108
83
76
54
45
57
96
60
89
68
80
37
40
32
79
64
69
40
2
83
52
19
43
42
0
47
58
66
44
109
-42
22
49
-5
18
42
5
51
24
49
27
41
12
-31
-14
-19
-40
-9
31
-10
-27
-54
-71
-107
-69
-43
-29
-51
-109
-87
-67
-83
-72
-101
-132
-87
-67
-3
-117
-152
-130
-114
-96
-84
-136
-87
-76
-5
-52
-46
-138
-158
-124
-89
-126
-104
-52
-79
-48
-126
-119
-81
-71
-74
-84
-135
-121
-110
-78
-65
-45
-77
-93
-93
-103
-88
-44
-62
-57
-90
-83
-40
-38
-61
-85
-125
-122
-105
-124
-105
-107
-86
-71
-47
-46
-44
-84
-79
-74
-103
-96
-48
21
-29
-94
-132
-147
-111
-127
-105
-110
-93
-107
-101
-80
-64
-102
-106
-122
-107
-67
-35
-69
-86
-82
-76
-62
-54
-81
-83
-63
-40
-34
-10
0
7
55
47
15
9
84
88
76
67
108
134
107
144
148
195
193
158
186
196
137
210
250
240
189
221
219
247
243
202
207
207
240
244
296
255
211
196
223
230
221
244
226
260
308
311
310
346
301
290
317
301
290
278
307
306
305
311
228
216
221
282
277
244
194
207
220
221
204
174
177
206
178
182
160
159
140
164
155
148
160
134
153
159
57
117
102
97
69
-10
63
100
45
312
89
102
32
114
106
131
106
-2
-12
27
12
37
-149
-80
-18
-6
-129
-97
-61
-39
-57
-109
-91
-90
-125
-93
-83
-72
-22
-68
-70
-73
-94
-129
-149
-109
-21
0
-41
-126
-133
-167
-156
-95
-182
-314
-297
-316
-343
-297
-319
-312
-314
-369
-366
-366
-391
-338
-332
-388
-368
-330
-337
-371
-366
-362
-399
-431
-399
-439
-494
-512
-498
-463
-530
-568
-515
-480
-500
-532
-569
-514
-537
-519
-508
-541
-562
-591
-639
-638
-635
-634
-618
-629
-667
-690
-647
-602
-593
-634
-655
-706
-735
-773
-819
-826
-803
-780
-793
-800
-808
-829
-935
-922
-829
-794
-733
-774
-808
-814
-795
-740
-734
-779
-776
-790
-810
-828
-911
-925
-898
-856
-740
-656
-680
-723
-700
-669
-637
-674
-765
-779
-694
-668
-649
-681
-640
-639
-693
-701
-750
-699
-736
-604
-624
-737
-606
-584
-608
-635
-552
-526
-560
-573
-630
-519
-515
-554
-497
-404
-360
-638
-649
-519
-428
-395
-412
-454
-438
-337
-282
-286
-373
-515
-347
-196
-185
-321
-381
-383
-360
-375
-262
-285
-265
-293
-352
-161
-208
-218
-266
-255
-170
-120
-129
-226
-279
-259
-153
-114
-209
-251
-226
-158
-132
-51
-74
-119
-55
-58
-51
-79
-63
-37
-1
26
38
-17
-32
-31
3
58
54
18
27
51
74
48
35
18
21
22
21
29
-5
-41
-12
28
96
77
62
83
62
67
8
0
69
84
55
71
70
15
-8
47
105
93
54
50
85
92
83
135
103
60
53
84
117
104
162
71
32
64
101
132
126
114
91
36
102
103
142
109
116
90
86
97
85
95
115
95
77
80
100
151
187
126
83
148
182
175
125
118
117
73
194
178
186
155
128
134
158
185
176
153
106
113
145
175
177
143
166
179
223
227
227
201
208
293
295
259
193
221
204
189
217
169
243
282
251
194
174
231
250
216
180
169
115
88
90
206
155
168
121
136
146
152
169
124
140
87
135
65
99
72
111
191
174
183
134
103
112
139
152
88
61
120
129
147
89
95
112
112
62
33
17
-4
52
116
102
86
58
33
89
122
123
89
37
62
39
39
120
126
136
143
136
145
136
117
99
116
99
83
42
34
86
118
147
88
-5
65
63
109
78
40
70
39
46
31
96
77
88
17
38
96
96
101
133
106
60
108
39
95
84
155
98
58
65
147
146
69
109
136
89
130
163
115
110
47
90
102
99
120
84
120
129
137
148
80
87
93
83
98
109
70
78
103
89
101
116
102
82
61
90
102
106
86
82
79
75
96
89
51
96
133
92
90
88
84
97
89
57
69
102
115
83
58
42
54
92
84
68
42
78
70
76
82
88
85
97
97
104
75
73
91
86
78
97
58
71
70
68
74
97
59
42
54
76
121
58
68
86
49
76
48
40
32
32
41
3
29
29
21
51
-38
-41
-88
-67
-30
3
-13
-64
-83
-184
-64
-27
-47
-46
-18
-92
-127
-48
-69
-104
-99
-57
-44
-61
-35
-27
-96
-93
-74
-105
-116
-108
-89
-119
-113
-112
-127
-94
-105
-104
-101
-24
-67
-62
-51
2
-29
-65
-63
-21
-25
-18
-57
-43
-39
-22
-72
-25
-106
-87
-89
-84
-28
-12
-24
-24
-40
-59
-50
-29
-37
-104
-55
4
-1
-29
-54
-29
-34
37
39
-36
-34
-22
-36
-52
-26
-39
-54
-71
-28
-23
-18
-10
-30
-61
-39
-41
-76
-95
-112
-123
-82
-65
-91
-99
-125
-89
-96
40
-32
-13
-34
-75
-84
-63
-42
-5
-9
17
-46
-67
-52
-38
-14
28
76
63
-36
-125
-109
29
70
72
34
-44
-42
-47
-42
9
61
57
43
27
13
18
52
72
76
58
68
100
132
142
112
88
88
118
118
135
112
88
103
74
64
91
100
110
114
101
73
99
142
156
134
120
126
129
105
71
41
55
95
136
136
132
64
28
74
95
135
164
174
127
105
86
111
76
108
174
119
214
119
56
33
29
70
97
104
125
138
142
108
98
83
85
131
60
75
85
127
18
-41
47
12
76
105
119
12
23
-25
8
88
103
126
64
5
-14
-23
45
37
37
48
62
20
85
121
106
115
99
75
85
81
28
10
4
54
40
58
42
15
-3
9
30
-9
-34
-34
-45
-13
22
-25
-6
-9
-44
-32
-35
-22
-15
3
-1
18
22
15
10
4
16
30
25
24
32
59
58
6
-18
-18
-9
-5
13
36
32
15
47
69
64
44
31
40
63
63
39
66
43
9
-4
34
33
34
35
42
37
32
37
55
44
27
23
45
57
43
30
52
53
54
5
24
0
14
7
-6
25
21
27
16
-1
7
14
28
33
29
-12
-17
0
-7
7
11
17
0
-7
-15
-14
-10
-17
-3
-8
-36
-36
-12
2
-18
-15
-18
-38
-18
-23
-23
-29
-18
-38
-13
9
-26
-23
-28
-32
-48
-15
14
-31
-40
-99
-70
-20
-14
-73
-149
-102
-59
-6
-95
-94
-23
-58
-73
-102
-50
-44
-81
-100
-104
-110
-109
-119
-137
-112
-78
-72
-82
-87
-111
-121
-80
-52
-84
-141
-155
-157
-107
-107
-90
-114
-114
-135
-184
-166
-148
-92
-64
-57
-114
-147
-145
-101
-91
-105
-162
-170
-146
-99
-72
-114
-149
-153
-122
-90
-79
-96
-149
-151
-119
-101
-98
-106
-142
-162
-143
-91
-62
-45
-62
-123
-106
-59
-56
-53
-76
-100
-91
-74
-47
-72
-119
-115
-72
-31
-21
-57
-118
-98
-65
-6
53
-51
-22
-93
-58
-8
20
-13
-96
-103
-13
-43
-73
6
23
10
117
-11
-103
19
-69
-58
-19
-62
-152
-98
-104
57
143
85
73
-55
-2
50
51
107
87
46
51
47
-10
3
10
40
83
-42
-19
4
3
54
68
59
60
42
37
-25
-121
-118
-53
8
14
-7
0
12
-34
-53
-34
-59
-31
-22
-35
-56
-59
-37
-51
-56
-47
-63
-60
-59
-39
-43
-49
-61
-69
-82
-87
-70
-67
-62
-54
-46
-59
-51
-62
-68
-73
-54
-49
-62
-37
-27
-38
-53
-15
-1
8
2
0
-9
-26
-20
-16
-19
-29
-13
-26
-27
-9
-13
-41
-31
-29
-66
-72
-55
-46
-47
-43
-44
-60
-63
-74
-79
-64
-68
-65
-77
-69
-78
-91
-82
-81
-63
-57
-78
-129
-117
-115
-130
-130
-139
-136
-156
-133
-120
-95
-107
-144
-127
-101
-113
-119
-106
-97
-122
-137
-112
-103
-85
-83
-100
-127
-146
-141
-128
-135
-125
-97
-108
-152
-112
-132
-143
-106
-109
-156
-138
-155
-139
-119
-101
-126
-161
-162
-162
-128
-114
-141
-181
-178
-158
-150
-135
-156
-175
-169
-186
-140
-153
-170
-172
-167
-168
-181
-174
-147
-135
-163
-179
-194
-171
-174
-121
-143
-177
-181
-181
-164
-141
-167
-198
-208
-201
-184
-167
-155
-164
-164
-166
-177
-173
-180
-191
-202
-201
-203
-203
-207
-199
-216
-218
-221
-213
-228
-230
-221
-237
-246
-249
-228
-252
-270
-235
-238
-236
-263
-307
-322
-334
-348
-349
-366
-364
-391
-385
-391
-359
-337
-324
-358
-388
-408
-419
-394
-404
-441
-494
-504
-523
-541
-541
-531
-566
-589
-579
-602
-614
-605
-625
-652
-645
-678
-664
-667
-682
-662
-655
-700
-722
-705
-709
-687
-683
-690
-716
-706
-692
-697
-684
-674
-696
-722
-723
-717
-735
-721
-713
-738
-728
-740
-747
-757
-759
-783
-787
-771
-777
-772
-813
-816
-784
-784
-781
-779
-810
-847
-856
-839
-843
-839
-877
-869
-869
-847
-820
-795
-875
-887
-886
-889
-872
-885
-871
-843
-863
-871
-850
-864
-874
-843
-846
-879
-876
-879
-891
-871
-879
-903
-917
-890
-849
-851
-874
-882
-880
-890
-868
-852
-818
-815
-829
-825
-825
-834
-840
-834
-808
-827
-803
-818
-781
-781
-774
-759
-781
-739
-732
-712
-733
-738
-762
-795
-727
-674
-684
-634
-654
-705
-731
-717
-685
-660
-645
-645
-660
-625
-622
-633
-624
-616
-630
-609
-602
-629
-627
-656
-593
-553
-551
-549
-529
-528
-551
-545
-539
-519
-489
-497
-479
-479
-499
-483
-470
-452
-442
-401
-401
-413
-348
-321
-345
-382
-431
-397
-352
-267
-272
-285
-253
-234
-266
-226
-220
-235
-194
-159
-159
-157
-192
-156
-155
-98
-94
-143
-52
-32
-45
-32
-42
-31
-66
-34
-22
-15
11
48
83
90
46
116
104
115
143
130
86
84
109
146
164
158
152
179
212
206
195
222
206
234
245
289
256
238
327
335
336
361
452
523
566
551
530
442
496
577
660
672
596
593
743
760
707
679
731
835
864
852
822
792
802
878
861
852
863
866
833
891
858
838
794
835
886
816
854
874
805
858
874
894
891
816
744
736
795
768
791
787
749
751
763
787
773
734
738
701
684
678
687
677
670
669
673
676
654
669
659
635
601
575
623
593
676
666
582
560
501
558
645
613
605
560
486
518
549
534
529
584
566
535
511
581
456
562
566
471
460
424
641
361
543
500
274
247
228
266
180
256
338
266
243
166
-37
-65
-52
-104
-137
-88
-29
-51
-100
-106
-116
-125
-145
-166
-177
-196
-225
-239
-289
-220
-219
-198
-217
-255
-320
-343
-325
-266
-261
-270
-279
-333
-400
-404
-393
-404
-365
-373
-353
-391
-398
-387
-435
-413
-412
-378
-334
-333
-310
-308
-292
-292
-273
-274
-337
-307
-281
-315
-358
-412
-369
-326
-287
-263
-308
-396
-304
-243
-239
-247
-324
-354
-388
-409
-384
-462
-437
-402
-401
-449
-392
-445
-461
-527
-582
-498
-553
-527
-511
-529
-563
-570
-644
-617
-609
-599
-649
-672
-799
-739
-592
-524
-675
-727
-773
-670
-690
-663
-696
-687
-720
-633
-688
-693
-627
-642
-655
-614
-635
-654
-686
-732
-708
-701
-701
-718
-712
-717
-692
-687
-677
-683
-788
-699
-737
-727
-756
-826
-841
-833
-848
-736
-765
-781
-755
-741
-753
-787
-924
-841
-796
-824
-836
-826
-800
-826
-899
-824
-776
-869
-888
-1007
-750
-1117
-885
-946
-924
-833
-794
-840
-869
-864
-531
-899
-898
-835
-788
-1010
-820
-833
-947
-869
-898
-932
-939
-908
-876
-833
-934
-941
-942
-957
-953
-920
-876
-869
-881
-892
-885
-896
-917
-880
-902
-860
-829
-818
-839
-813
-789
-781
-765
-715
-709
-685
-672
-648
-584
-561
-533
-468
-401
-467
-507
-386
-357
-379
-370
-386
-471
-412
-349
-317
-289
-346
-449
-372
-360
-256
-261
-258
-274
-274
-211
-193
-195
-160
-218
-243
-227
-209
-167
-74
-119
-108
-142
-185
-246
-194
-142
-125
-129
-138
-134
-124
-71
-102
-124
-126
-51
-79
-54
-63
-76
-117
-132
-147
-148
-132
-83
-91
-118
-122
-126
-106
-78
-104
-74
-162
-94
-83
-94
-78
-50
-71
-105
-138
-125
-130
-120
-107
-122
-123
-139
-135
-158
-108
-71
-92
-80
-97
-139
-106
-85
-73
-154
-163
-196
-84
-71
-62
-93
-126
-160
-146
-117
-91
-100
-155
-130
-157
-180
-105
-74
-99
-145
-150
-114
-90
-54
-92
-127
-137
-112
-77
-92
-89
-140
-113
-81
-113
-106
-94
-114
-130
-90
-83
-92
-98
-132
-87
-81
0
-59
-52
-86
-110
-45
-35
-71
-65
-15
-21
-34
-40
-21
-51
-74
-94
-106
-63
-69
-47
-9
-46
-46
-82
-103
-47
7
32
26
-14
23
48
-47
-31
-8
-4
-40
-52
-10
-14
45
55
51
60
66
25
56
41
42
46
46
30
-28
-10
18
49
86
10
-12
-11
118
89
25
32
2
-8
-19
20
68
111
18
-13
41
63
49
67
64
71
65
49
32
61
89
119
120
117
67
46
40
45
13
111
55
42
61
83
92
33
87
54
72
81
93
72
103
97
102
83
101
107
93
109
76
102
115
148
126
97
6
80
170
96
68
164
164
134
129
121
36
-34
16
45
85
46
33
83
108
52
92
74
17
13
42
36
34
8
-4
19
-13
-5
-28
-14
27
2
6
22
7
18
4
-20
-36
-53
-30
-50
-30
4
-4
5
30
27
42
16
-12
0
-15
-38
-31
-4
7
-7
7
1
8
5
20
-55
54
20
24
-45
-4
26
59
40
-30
37
-3
-13
-27
4
-10
-42
-47
-27
-30
-3
-24
-35
11
49
-35
-55
-72
-64
-86
-66
-69
-72
-52
-58
-60
-51
-33
-46
-52
-48
-67
-83
-69
-74
-72
-101
-102
-71
-100
-59
-65
-137
-113
-83
-65
-46
-67
-120
-145
-107
-89
-95
-89
-108
-106
-102
-64
-102
-83
-89
-123
-134
-96
-88
-80
-82
-93
-126
-68
-34
-64
-113
-96
-158
-141
-91
-133
-92
-111
-129
-109
-131
-113
-115
-111
-135
-145
-131
-132
-136
-120
-129
-118
-125
-153
-144
-133
-144
-148
-133
-161
-160
-168
-144
-132
-149
-125
-115
-114
-102
-116
-134
-146
-121
-103
-68
-77
-91
-59
-75
-111
-50
-31
-92
-86
-69
-46
-65
-69
-101
-93
-58
-40
-62
-98
-105
-106
-147
-137
-158
-159
-141
-134
-159
-105
-99
-96
-129
-95
-53
-58
-111
-115
-104
-120
-125
-126
-167
-163
-146
-132
-117
-111
-150
-153
-128
-111
-101
-86
-121
-158
-170
-146
-180
-183
-173
-168
-171
-158
-152
-154
-138
-158
-151
-147
-156
-167
-167
-168
-156
-148
-157
-163
-160
-141
-139
-143
-141
-110
-155
-158
-156
-160
-162
-149
-77
-176
-205
-187
-124
-151
-163
-121
-61
-170
-215
-197
-208
-219
-213
-198
-173
-188
-178
-197
-211
-202
-207
-193
-187
-170
-164
-180
-195
-199
-209
-214
-196
-172
-170
-182
-192
-173
-153
-106
-205
-265
-205
-204
-191
-159
-192
-236
-198
-186
-206
-209
-230
-195
-201
-211
-197
-187
-186
-213
-206
-217
-234
-215
-206
-203
-210
-199
-209
-203
-206
-187
-201
-200
-203
-212
-218
-199
-220
-224
-218
-212
-206
-199
-218
-220
-209
-215
-228
-216
-177
-156
-39
-220
-200
-193
-188
-201
-247
-188
-146
-168
-193
-257
-260
-211
-151
-123
-147
-156
-154
-177
-157
-154
-141
-138
-129
-103
-41
-99
-117
-150
-160
-181
-162
-145
-123
-148
-151
-149
-114
-105
-91
-55
-66
-81
-82
-120
-116
-60
16
37
49
25
17
27
40
22
17
49
61
0
15
-49
-95
-348
-88
-5
-2
-105
2
-54
-106
-34
-23
4
-113
-43
-16
6
4
0
-44
9
-30
71
-24
47
31
163
63
39
71
110
108
98
75
81
82
144
111
77
49
89
81
70
47
-1
-18
21
47
94
84
45
5
31
24
29
13
45
2
-39
42
90
32
13
-12
-49
-48
-20
-18
-45
-66
-50
-32
-16
-20
-42
-38
-10
-64
-71
-73
-93
-16
-10
-79
-107
-100
-65
-87
-135
-72
-70
-88
-77
-80
-96
-91
-80
-136
-145
-113
-86
-123
-46
-103
-123
-113
-126
-91
-43
-114
-146
-133
-104
-58
-62
-102
-131
-103
-74
-77
-84
-104
-144
-88
-105
-114
-80
-134
-145
-116
-88
-111
-126
-122
-150
-90
-118
-132
-128
-124
-104
-137
-129
-131
-88
-56
-84
-53
-82
-71
-62
-99
-11
-27
-78
-81
-51
-81
-33
8
1
-35
-92
-57
-73
-68
-49
-48
-14
-222
-129
-49
2
42
-7
-4
8
-12
-9
33
46
17
-33
-21
-31
50
-46
1
34
74
54
78
27
19
37
11
20
66
37
0
-15
-53
-20
20
3
7
0
25
42
23
-23
-9
41
39
77
23
-37
-14
-3
23
25
-1
-7
54
53
56
10
-2
-5
55
80
52
41
24
11
50
120
92
27
-32
55
50
103
99
64
58
51
60
137
128
37
61
78
118
173
87
75
59
51
86
92
116
116
76
94
103
100
120
112
87
76
71
67
83
113
133
110
113
117
107
121
159
152
116
118
146
157
138
152
89
51
124
110
176
181
84
65
70
99
127
118
108
129
120
131
149
138
78
107
55
67
99
136
152
71
50
77
42
59
60
83
138
111
106
111
108
105
85
31
11
47
79
13
47
11
61
91
79
86
94
44
121
53
59
60
62
50
92
88
70
56
69
94
62
58
68
57
69
68
41
41
60
50
20
24
70
95
71
52
104
71
70
77
75
55
99
110
94
160
145
119
101
62
40
18
54
33
90
64
119
80
8
11
39
55
59
-6
-9
55
74
55
98
23
14
29
-11
-61
-62
-124
-93
0
97
0
-70
-78
-77
-97
4
-23
-84
-74
27
8
-32
-31
42
2
-164
-81
-11
-59
-39
-78
-89
-85
-38
-51
-31
-44
-71
-58
-66
-76
-91
-85
-125
-97
-140
-84
-104
-50
-4
-51
-58
-59
-126
-62
-26
-21
-32
-89
-145
-171
-89
-71
-84
-81
-206
-164
-135
-127
-94
-101
-105
-145
-161
-110
-121
-117
-114
-127
-82
-97
-26
-87
-79
-63
-63
-54
-83
-44
-41
-27
-51
-98
-74
-54
-66
-67
-44
-90
-63
-42
-66
-69
-73
-83
-99
-112
-121
-100
-90
-81
-85
-120
-109
-83
-97
-93
-103
-112
-98
-100
-53
-65
-92
-100
-106
-110
-147
-92
-44
-83
-125
-143
-110
-103
-98
-74
-81
-111
-111
-84
-67
-92
-96
-98
-74
-75
-109
-70
-69
-79
-92
-106
-79
-82
-69
-76
-97
-101
-62
-74
-81
-61
-83
-60
-78
-96
-101
-62
-34
-56
-80
-68
-78
-68
-49
-41
-36
-96
-74
-43
-78
-57
5
-19
-39
-62
-56
-40
9
5
-31
-61
-35
-21
-8
14
9
47
12
0
-18
-25
-36
-49
-56
-57
-80
-64
-49
-5
-15
-22
-44
-85
5
2
-31
-56
-98
-78
49
-3
-97
-105
-118
-57
46
-156
-26
-70
-101
-107
-119
-101
-29
-41
-101
-147
-206
-120
-109
-72
-73
-44
-96
-138
-32
-61
-110
-95
87
-279
-6
-124
-30
-140
-174
-187
-144
-180
-130
-149
-178
-118
-135
-112
13
-89
-48
-63
-97
-104
-143
-53
-122
-129
-46
-38
-107
-139
-61
-50
-120
-121
-144
-150
-50
16
-106
-61
-87
-113
-150
-125
-158
-134
-124
-169
-89
-114
-83
-40
-48
-60
-71
-104
-47
-26
-56
-27
-27
-59
10
-69
63
-30
-127
-116
-139
-137
-43
16
11
-34
-72
-100
-60
-10
18
-24
0
-14
-39
-34
38
21
10
-11
-6
41
-15
-1
-10
-3
-1
-63
-73
-63
-49
-96
-86
-96
-86
-50
-66
-93
-71
-68
-90
-24
-8
-39
-29
-30
-69
-50
-59
-78
-85
-34
-6
-7
-71
-73
-113
-102
-33
-19
-94
-116
-68
-107
-71
-76
-37
-45
-65
-83
-117
-105
-106
-126
-127
-118
-99
-76
-25
-11
-20
-80
-80
-51
-28
-61
-31
-33
-41
-48
-71
-34
-16
-15
1
-30
-41
-43
-54
-57
-32
-53
-41
-69
-108
-91
-10
18
-51
-77
10
16
40
0
19
-16
-49
-35
19
-10
-11
21
22
16
-7
-43
-23
13
7
7
-21
11
18
43
33
16
23
26
13
38
32
19
-6
-4
27
10
-19
-47
10
62
79
38
-1
8
5
8
30
46
71
64
29
54
43
78
32
35
22
15
35
-11
-6
-32
20
23
-25
-34
-14
-36
1
-8
30
52
27
27
37
-19
-17
-9
8
-49
-30
-17
-4
6
12
13
11
10
7
-4
21
26
-13
-43
-13
-32
2
0
24
8
22
31
-8
-30
0
22
-18
-28
6
22
2
-13
-39
-23
53
52
50
38
38
63
39
42
49
35
33
18
25
47
61
73
77
47
65
82
81
80
73
83
52
116
81
76
77
79
104
104
73
85
107
92
97
83
52
24
78
117
96
66
86
104
83
115
104
120
86
80
53
58
73
75
67
41
80
65
90
188
135
136
117
-26
59
72
94
92
118
131
85
120
31
41
45
87
85
140
111
84
76
83
-8
29
95
125
63
-79
-34
-134
91
61
56
-24
-62
-62
50
57
60
0
-104
-68
38
9
20
-80
-149
-82
-45
20
-94
-164
-67
-125
22
53
-44
-77
-68
-65
34
47
45
-41
-136
-158
4
9
-31
-27
-66
-76
-52
-80
-104
-78
-62
-57
-50
-13
-46
-37
-22
-29
-56
-10
-20
-42
-74
-60
-75
-93
-41
-71
-101
-88
-31
-24
-18
-7
6
-4
-64
-98
-112
-4
-39
-34
-42
-61
-46
-27
-8
-9
-7
-32
-20
-47
-83
-11
-19
-37
-65
-57
35
9
-19
-1
-34
-3
15
-16
-28
15
-8
21
-31
-45
13
70
-17
12
-67
-67
-88
-120
-108
-81
-54
-43
-46
-3
-14
-14
-16
-38
-14
-22
-66
-31
-18
-52
-91
-64
-72
-85
-89
-87
-44
-46
-74
-83
-73
-42
-62
-81
-87
-90
-33
24
-37
-44
-51
-68
-62
-52
-43
-56
-72
-92
-85
-68
-76
-72
-77
-73
-84
-85
-94
-111
-102
-96
-104
-104
-113
-102
-102
-103
-102
-93
-158
-89
-143
-141
-174
-138
-137
-102
-109
-106
-128
-133
-135
-125
-104
-90
-105
-107
-120
-119
-120
-114
-122
-116
-115
-125
-105
-114
-133
-157
-131
-122
-112
-127
-108
-107
-111
-102
-122
-141
-166
-167
-150
-156
-129
-104
-104
-124
-135
-122
-130
-89
-102
-100
-111
-61
-68
-63
-87
-102
-104
-92
-87
-119
-112
-156
-148
-115
-56
-123
-91
-118
-142
-139
-62
-183
-94
-138
-182
-174
-200
-158
-146
-137
-128
-123
-160
-176
-184
-174
-149
-153
-136
-147
-159
-163
-148
-145
-146
-113
-122
-92
-89
-142
-138
-99
-93
-78
-94
-100
-95
-70
-70
-75
-70
-62
-85
-99
-82
-41
-13
-10
-81
-104
-66
79
-75
-89
-60
-69
-29
-51
-63
-87
-42
-41
-20
-41
-20
-28
-50
-37
-38
-28
-24
-41
-79
-32
10
14
-28
55
66
74
34
46
79
109
90
80
114
78
74
101
77
95
93
121
212
164
106
107
134
119
104
194
92
50
74
73
85
70
62
75
122
-26
-16
-14
3
9
-8
-1
-5
57
49
-75
-79
-38
-8
21
11
-35
-67
-46
-35
-38
-54
-112
-130
-89
-38
-64
-85
-98
-24
-114
-122
-199
-176
-134
-101
-147
-93
-39
-57
-80
-58
-114
-99
-55
-5
-28
-39
-35
-37
-59
-46
-40
-61
-21
-3
10
18
8
18
-15
-9
38
18
2
16
8
-3
29
31
29
-9
8
-4
51
102
20
-17
-2
-38
-65
-24
24
-3
-19
-18
4
0
13
5
-7
-29
-24
-1
1
-37
-70
-72
36
49
39
3
-44
-29
-6
-9
5
40
-2
-38
-26
-60
-42
-63
123
-77
8
41
19
30
11
31
22
-47
-5
17
40
15
-3
-21
2
15
-2
4
2
-17
-14
-5
-8
2
-2
-12
-10
-14
2
26
26
8
-21
-19
16
14
-40
-29
16
23
-3
0
13
44
54
50
33
25
25
25
-50
-67
-84
-76
25
-15
20
64
8
35
7
-35
-16
-14
-31
-27
-13
7
8
4
-14
-41
-50
-27
-37
-23
-27
-31
-33
-34
-18
-29
-11
6
-22
16
-17
-10
-27
-79
-315
84
20
-33
-76
35
-20
56
30
9
16
41
5
6
-14
-1
44
77
68
58
39
62
51
61
39
22
24
25
57
39
-6
-18
-39
30
56
9
3
-62
0
13
3
7
-26
-51
-47
-67
-62
-37
-15
-56
-73
-82
-71
-77
-69
-69
-93
-92
-86
-71
-75
-68
-53
-54
-80
-24
-2
-9
-22
-39
-18
-11
18
24
-19
2
14
3
4
3
10
1
5
-11
-21
-27
-21
-10
-15
-1
-19
-32
-16
-8
22
-4
-17
-32
-21
-30
-25
-56
-36
-20
-3
5
-28
-40
-4
-31
-51
-15
-12
4
15
53
30
14
19
36
40
48
30
32
31
46
37
37
21
36
34
49
49
63
48
12
7
1
9
21
38
18
1
-20
-14
-32
1
11
28
41
17
21
44
42
38
38
29
35
58
56
45
29
37
7
20
9
56
21
27
16
6
14
31
29
14
36
37
13
24
15
-11
85
-44
-19
48
71
113
87
37
-15
0
43
48
63
56
40
58
64
49
34
42
67
64
28
58
75
9
12
41
-23
-78
-83
-49
30
86
136
71
-16
-43
-27
2
-2
13
-1
-25
-29
-22
-10
-14
-10
-7
-43
-32
-27
-16
11
68
33
43
40
51
46
72
55
65
38
-11
-34
-36
-35
-31
-5
9
7
2
-11
-4
13
0
-43
-29
-14
-12
-3
-2
-28
-45
-39
-18
0
-15
-19
-6
-10
-32
-17
10
-2
34
38
20
37
41
55
48
36
20
7
28
61
90
93
82
90
79
72
73
86
77
61
17
10
38
73
75
70
62
70
80
71
72
45
35
15
36
69
84
44
39
65
47
24
-8
2
23
93
77
83
83
94
97
30
51
63
84
83
64
73
54
52
33
-9
-5
29
45
29
18
15
35
16
11
30
58
74
89
106
114
95
78
82
109
115
32
18
30
51
57
3
-20
-21
-10
17
38
20
4
-8
7
30
37
37
25
-8
4
41
40
25
-8
-34
-47
-57
-27
42
72
128
70
14
-55
-60
-8
33
16
-45
-3
77
39
-25
-97
-88
-84
-56
-34
-68
-99
-67
-6
-37
-37
-51
-91
-92
-84
-94
-85
-134
-124
-136
-116
-104
-96
-120
-99
-119
-139
-149
-144
-155
-133
-152
-172
-177
-150
-95
-71
-63
-130
-166
-128
-95
-125
-104
-205
-207
-162
-76
-123
-78
-83
-224
-281
-212
-171
-115
-119
-160
-241
-310
-279
-276
-281
-222
-159
-161
-160
-129
-156
-176
-194
-169
-157
-170
-227
-218
-371
-256
-136
-197
-128
-196
-257
-237
-252
-247
-119
-80
-132
-62
-183
-145
-137
-144
-153
-219
-104
-100
-54
-75
-109
-100
-76
-80
-71
-65
-117
-75
-85
-77
-103
-111
-114
-101
-116
-177
-91
-53
-105
-110
-123
-114
11
-100
-82
-91
-79
-69
-50
-60
-43
-96
-50
-65
-62
-42
-53
-75
-46
-44
-68
-66
-72
-38
-23
-63
-51
-45
-46
-23
-21
-31
-11
77
-94
-114
-50
-16
10
-13
-25
-48
-26
-13
-17
-9
5
-14
7
21
-8
-36
-30
-29
-13
-20
-11
-25
-14
-40
-101
-43
-20
29
58
-18
-26
-71
-90
-47
-87
-31
-25
-57
-52
-57
-46
-34
-50
-50
-45
-27
19
-31
-18
-68
-76
-47
-39
-56
-39
-37
-40
-52
-17
-30
-64
-49
-63
-42
-23
-15
-25
-36
-27
-17
-49
-71
-27
-28
-40
-22
-55
-62
-35
-14
-25
-11
-20
-20
5
11
-4
-15
-16
0
2
-13
8
-5
-1
9
-5
-22
-50
-27
-6
28
25
-4
-17
-22
10
17
9
24
-1
4
-2
-21
-1
31
7
-21
10
3
20
2
0
3
2
-87
29
-1
14
-30
-17
-6
-24
-36
-37
-28
-28
-54
-62
-48
-51
-52
-40
-46
-57
-76
-66
-52
-95
-109
-113
-110
-130
-99
-148
-124
-131
-148
-182
-218
-197
-200
-207
-201
-252
-268
-283
-299
-299
-247
-213
-332
-343
-263
-328
-298
-265
-291
-333
-364
-389
-343
-325
-340
-344
-384
-413
-357
-347
-338
-348
-412
-390
-369
-377
-375
-331
-392
-401
-368
-362
-343
-301
-352
-393
-395
-370
-342
-314
-296
-344
-370
-342
-324
-293
-297
-307
-278
-260
-235
-240
-269
-255
-263
-253
-209
-211
-213
-216
-215
-197
-158
-199
-164
-197
-189
-173
-134
-113
-131
-136
-114
-122
-85
-45
-46
-73
-78
-68
-45
-27
0
42
54
72
42
109
94
146
151
167
216
215
181
213
208
217
263
290
332
373
387
363
365
372
407
448
453
426
407
428
462
470
483
489
479
485
507
526
494
524
511
560
582
601
595
629
604
622
630
656
673
655
652
645
680
690
676
653
713
711
736
729
727
728
730
762
756
779
771
728
705
710
737
786
772
743
721
731
719
775
812
781
715
660
660
707
699
675
678
662
680
645
599
583
588
600
633
610
577
581
587
604
604
579
567
553
563
521
516
492
443
459
453
455
453
405
402
394
362
376
370
357
435
322
332
309
278
282
266
253
261
246
217
212
207
253
238
178
115
122
126
116
121
95
67
102
58
24
-4
-68
-14
-4
-18
-39
-71
-49
-83
-81
-72
-128
-170
-153
-124
-126
-182
-211
-245
-219
-199
-194
-229
-242
-212
-237
-240
-266
-284
-265
-256
-277
-233
-242
-257
-227
-258
-291
-298
-269
-201
-220
-248
-250
-269
-233
-241
-189
-187
-171
-159
-121
-167
-182
-167
-135
-110
-101
-122
-131
-106
-69
-64
-80
-126
-72
-69
-37
-23
-48
-24
-9
-22
-39
22
69
45
24
43
97
138
199
217
219
193
209
211
189
225
255
282
303
287
312
317
308
343
402
395
417
429
447
453
439
452
476
476
502
504
530
551
560
565
531
557
563
558
561
591
630
600
614
624
675
713
685
669
648
715
773
720
678
665
679
727
750
773
752
747
742
708
753
810
793
749
765
757
815
790
738
705
644
694
819
862
839
795
652
737
833
771
728
742
735
797
743
768
709
662
666
673
774
767
785
667
681
714
683
742
650
645
605
589
577
593
588
617
662
575
530
533
548
550
528
498
452
457
486
493
526
484
444
450
447
438
435
403
377
368
346
270
273
309
304
278
332
346
336
279
237
207
222
247
264
252
227
240
249
251
232
211
201
198
203
182
212
187
196
200
170
207
190
164
147
154
154
160
158
140
95
102
148
114
97
77
75
17
57
52
33
58
36
15
44
-6
-20
27
151
66
30
72
105
20
5
-42
-19
-48
14
-83
-51
2
38
30
31
0
39
19
-20
-96
27
-25
33
61
46
33
42
40
6
-13
-34
-18
-28
-35
0
7
-5
0
4
52
4
-39
78
-25
-74
-72
-79
-90
-34
8
-75
-94
-52
-25
-56
-44
8
30
0
-48
-92
-195
-71
-24
-72
-57
-66
-26
-48
-41
-72
-83
-88
-94
-92
-96
-146
-205
-132
-84
-101
-67
-81
-86
-105
-110
-101
-87
-48
-71
-100
-132
-146
-135
-123
-141
-157
-171
-100
-82
-101
-96
-42
3
12
-14
-32
-52
-95
-121
-112
-106
-103
-68
-62
-52
-44
-54
-69
-82
-83
-96
-93
-87
-71
-72
-71
-64
-67
-72
-81
-69
-59
-73
-71
-86
-92
-62
-40
-52
-93
-70
-63
-69
-83
-59
-43
-52
-68
-76
-126
-128
-136
-109
-118
-107
-99
-117
-89
-97
-142
-181
-160
-195
-193
-229
-245
-263
-265
-270
-256
-223
-242
-278
-344
-344
-283
-284
-340
-383
-373
-326
-330
-369
-338
-364
-419
-386
-417
-423
-363
-367
-332
-325
-403
-420
-414
-434
-433
-417
-398
-386
-414
-414
-432
-413
-381
-479
-501
-477
-449
-432
-381
-419
-428
-433
-506
-461
-443
-458
-434
-520
-518
-433
-440
-454
-464
-483
-474
-474
-463
-439
-467
-551
-586
-519
-524
-548
-602
-581
-516
-521
-597
-602
-581
-631
-658
-654
-681
-665
-718
-702
-726
-653
-732
-753
-840
-872
-767
-533
-474
-610
-646
-699
-736
-736
-651
-664
-732
-756
-719
-685
-674
-639
-728
-708
-721
-744
-763
-630
-716
-669
-698
-747
-740
-697
-684
-717
-660
-636
-671
-663
-692
-732
-664
-656
-594
-587
-616
-608
-555
-596
-577
-646
-612
-483
-510
-441
-425
-451
-507
-414
-342
-362
-407
-408
-322
-300
-279
-159
-175
-429
-256
-163
-88
-38
-38
-155
-150
-53
42
9
25
12
0
28
55
110
116
13
-11
38
72
67
134
57
69
156
176
233
234
236
223
184
234
269
323
264
300
313
343
321
416
329
403
378
373
260
409
439
486
470
420
465
549
570
567
531
562
639
681
688
653
604
635
660
697
707
725
748
711
774
739
690
675
676
778
776
796
738
783
834
874
864
835
785
792
855
916
931
912
895
888
875
873
903
874
874
862
922
922
894
900
935
912
890
900
914
847
905
911
942
890
877
836
837
902
815
964
996
934
865
882
872
930
857
828
789
891
919
925
993
951
919
917
873
825
840
864
803
819
927
885
864
895
871
831
766
795
814
842
750
708
744
746
686
676
637
612
603
540
466
439
446
553
617
530
474
487
481
510
480
424
369
329
314
322
326
353
337
287
288
267
196
144
131
117
127
152
154
131
103
109
123
122
115
133
115
105
58
18
27
64
67
58
193
62
20
8
-17
-44
-36
-20
-22
-30
-23
-22
8
-39
-146
-62
-99
-34
-44
-45
-49
-17
0
-13
-21
-63
-153
-154
-153
-86
-81
-114
-145
-123
-121
-127
-180
-230
-243
-236
-265
-311
-299
-307
-340
-357
-335
-314
-330
-343
-318
-296
-304
-296
-305
-313
-330
-397
-403
-420
-382
-359
-326
-350
-369
-375
-399
-383
-362
-378
-359
-365
-386
-300
-559
-442
-422
-411
-418
-414
-410
-440
-472
-500
-481
-468
-501
-468
-431
-432
-425
-411
-404
-391
-369
-428
-422
-416
-448
-481
-476
-459
-457
-472
-447
-418
-467
-545
-538
-494
-445
-437
-456
-466
-442
-422
-438
-447
-492
-496
-465
-443
-489
-444
-476
-462
-481
-466
-422
-421
-472
-489
-457
-434
-437
-441
-499
-492
-467
-443
-442
-434
-430
-409
-393
-383
-382
-382
-374
-402
-398
-387
-388
-395
-408
-408
-352
-323
-310
-286
-271
-251
-253
-251
-257
-260
-266
-219
-205
-186
-160
-169
-174
-144
-107
-56
-133
-147
-169
-197
-197
-216
-198
-314
-152
-203
-176
-100
-92
-85
-79
-99
-98
-96
-87
-152
-214
-99
-157
-102
-51
-76
-93
-150
-127
-87
-85
-104
-71
-61
-61
-61
-57
-60
-99
-60
-57
-56
-25
-62
-50
-77
-20
23
105
62
21
-2
-3
-7
19
-13
-16
-3
-29
2
-6
-30
-16
-32
8
30
-63
-78
-69
-37
-65
-63
-72
-57
-71
-65
-46
-58
-34
-29
-43
-38
-26
-46
-39
-20
-55
28
-79
-11
-61
-42
-35
-34
-22
-27
-8
4
31
5
13
21
13
34
43
-6
9
18
9
33
14
12
9
-3
-14
24
8
-19
3
-1
24
64
15
-5
-17
-13
55
6
-20
-25
-19
35
17
9
138
-70
-1
11
-14
1
8
-4
34
6
-5
-25
-39
-9
12
-46
-60
-45
-67
-34
2
-17
-58
-52
-28
19
-2
-2
-64
-25
35
35
35
-35
-2
13
68
109
192
-1
0
-4
27
69
-10
10
-3
109
37
50
80
75
127
136
125
105
83
123
182
183
103
146
144
170
175
180
186
218
231
222
255
302
275
245
205
208
191
246
229
249
254
217
305
341
305
288
256
259
295
341
339
287
297
292
346
372
395
379
304
339
338
359
376
403
383
343
364
331
316
313
361
321
322
276
292
279
235
328
254
303
261
174
212
164
264
205
157
141
123
166
197
160
76
107
151
141
135
145
66
54
73
60
85
112
38
34
31
-4
65
74
93
47
-31
14
37
8
72
76
88
66
48
-22
44
81
187
80
40
-45
28
85
128
48
35
52
91
144
78
100
94
37
-14
120
154
107
24
101
101
46
83
61
25
53
19
-3
-32
11
-8
-20
44
33
-29
-1
7
39
11
-9
-63
-40
16
168
125
166
108
123
133
45
64
-21
-80
109
240
158
85
-5
88
180
193
137
119
67
32
49
133
88
36
4
-63
-69
-8
-43
-147
-32
-15
-25
-12
7
91
35
77
9
42
65
-80
-113
-99
-100
-12
-29
-50
-89
-86
-126
-85
-93
-102
-106
-96
-97
-109
-79
-73
-42
-57
-69
-55
-47
-44
-57
-71
-93
-98
-92
-79
-59
-66
-47
-74
-45
-22
8
-1
8
-10
-29
-6
12
-5
-27
-17
0
-10
18
0
29
35
52
3
-10
11
0
-14
-59
10
23
17
6
6
12
7
27
44
75
64
70
54
40
56
76
103
90
69
88
84
74
65
59
81
84
93
86
95
107
97
127
113
102
90
89
96
126
113
105
97
117
127
118
110
124
141
148
168
170
146
161
191
187
185
198
176
181
168
155
145
188
167
141
160
203
208
224
236
272
233
235
236
241
228
240
257
257
263
315
435
422
350
317
237
259
305
304
367
379
283
283
294
305
301
335
325
329
330
342
350
360
347
319
350
378
361
288
257
162
167
196
216
240
273
289
311
289
274
228
227
215
197
155
149
188
194
150
161
139
129
137
126
104
87
105
128
107
86
57
77
94
117
108
46
26
46
53
-9
-11
44
42
4
-28
-20
34
93
106
34
-31
-46
-42
-19
-4
-81
-112
-123
-131
-156
-169
-155
-180
-141
-125
-89
-140
-134
37
-211
-127
-165
-192
-319
-244
-222
-314
-290
-367
-394
-457
-432
-403
-415
-452
-472
-500
-512
-529
-562
-559
-538
-581
-583
-605
-611
-612
-652
-675
-628
-608
-628
-678
-707
-723
-770
-779
-746
-791
-813
-835
-836
-825
-823
-822
-866
-844
-880
-913
-911
-927
-928
-913
-912
-896
-910
-922
-963
-992
-976
-952
-977
-998
-972
-937
-930
-919
-942
-939
-915
-936
-965
-897
-866
-889
-905
-905
-970
-971
-945
-906
-878
-780
-688
-696
-786
-812
-798
-780
-779
-716
-679
-673
-624
-608
-615
-623
-657
-549
-448
-479
-515
-513
-536
-460
-350
-379
-400
-395
-325
-322
-322
-245
-237
-148
-128
-99
-55
-59
-92
-68
52
115
90
139
225
246
343
356
213
297
279
294
297
445
386
455
479
510
502
608
549
630
587
586
596
635
892
840
782
812
757
792
895
824
830
778
829
1010
1055
925
871
840
851
781
897
951
1027
934
788
770
865
896
810
702
695
764
667
631
666
586
541
561
496
501
406
565
590
491
418
413
411
545
392
333
297
322
473
387
353
353
272
230
231
221
141
243
139
115
124
117
153
283
357
310
230
189
218
226
210
196
176
171
187
201
210
197
163
135
138
119
159
211
272
263
234
218
199
251
280
279
285
292
282
254
245
220
235
249
250
269
264
229
212
212
214
205
193
201
229
270
287
276
262
243
230
216
223
233
245
239
244
273
290
303
295
289
260
261
275
282
267
255
254
267
250
233
244
263
265
263
270
247
234
252
236
234
245
263
283
272
265
270
256
262
269
267
259
258
254
251
286
259
261
257
258
259
259
259
264
263
273
274
255
238
246
276
264
230
235
269
283
247
219
251
272
280
254
251
246
251
268
265
254
239
230
236
255
266
258
251
242
230
236
242
233
342
303
216
120
147
126
256
407
306
270
280
259
289
252
0
70
74
70
51
118
108
69
-128
163
31
8
41
71
104
66
69
49
57
56
58
52
44
49
54
53
52
56
56
60
53
56
56
52
55
53
59
56
52
55
55
65
55
52
55
55
50
59
56
50
60
53
59
57
59
54
