0
-56
-62
-57
-66
-59
-60
-61
-61
-56
-63
-57
-54
-55
-58
-60
-61
-62
-67
-61
-60
-62
-57
-65
-59
-64
-62
-56
-61
-60
-62
-66
-70
-48
-53
-62
-67
-63
-61
-62
-59
-59
-61
-55
-60
-63
-66
-65
-60
-55
-66
-60
-62
-59
-63
-61
-60
-61
-59
-61
-61
-58
-66
-65
-68
-58
-61
-59
-58
-63
-59
-63
-58
-59
-54
-72
-59
-66
-59
-65
-63
-75
-65
-99
-4
-101
-14
-66
-65
-92
-61
-75
18
16
-89
-94
-88
-133
29
-46
-53
-146
-77
-98
-132
-40
-156
-143
-108
-246
-276
-455
-243
-131
-366
-190
-110
-191
-229
-243
-260
-258
-187
-246
-272
-237
-342
-381
-266
-258
-212
-273
-330
-314
-276
-288
-371
-348
-324
-327
-322
-333
-359
-360
-319
-313
-369
-368
-387
-410
-382
-385
-396
-441
-402
-382
-402
-472
-468
-542
-489
-483
-478
-492
-578
-636
-603
-604
-609
-612
-709
-670
-670
-628
-635
-709
-736
-749
-705
-673
-744
-780
-796
-788
-774
-846
-845
-881
-909
-934
-927
-886
-870
-946
-933
-953
-871
-949
-982
-1037
-1111
-1025
-980
-988
-1036
-1054
-1039
-940
-906
-986
-1079
-1098
-1058
-1025
-1128
-1070
-1086
-1106
-1002
-1026
-981
-1014
-1074
-1037
-1032
-978
-974
-1040
-1040
-1107
-1085
-1053
-1006
-1049
-1104
-1084
-1015
-997
-1032
-1039
-1009
-997
-1020
-1026
-1020
-1050
-1031
-1036
-1015
-1020
-1035
-1064
-1037
-1018
-1031
-1021
-1020
-1031
-1035
-1016
-1027
-1031
-1038
-1030
-1031
-1022
-1014
-1015
-1016
-1014
-1056
-1057
-1014
-947
-957
-1017
-1060
-1086
-1061
-1021
-996
-1024
-1037
-1019
-1043
-1031
-1018
-1017
-1011
-1001
-1001
-1051
-1019
-866
-869
-896
-932
-965
-977
-945
-923
-947
-953
-930
-1009
-1000
-847
-772
-797
-828
-852
-803
-785
-810
-787
-768
-762
-788
-770
-805
-786
-712
-689
-757
-711
-644
-651
-610
-713
-696
-648
-631
-612
-566
-575
-550
-585
-559
-464
-543
-621
-656
-499
-411
-467
-612
-198
-343
-390
-430
-287
-221
-294
-299
-296
-336
-279
-261
-218
-235
-266
-243
-216
-169
-192
-186
-158
-88
-93
-132
-133
-81
-63
-36
-66
-38
-18
-23
10
13
30
13
21
-26
0
40
33
52
22
52
69
86
83
102
98
80
34
31
33
27
45
-26
-56
-100
-98
-129
-118
-122
-125
-96
-147
-117
-116
-123
-123
-162
-187
-195
-227
-236
-302
-325
-347
-338
-366
-383
-395
-402
-458
-527
-604
-632
-634
-662
-722
-681
-717
-750
-764
-769
-876
-755
-694
-742
-806
-858
-849
-789
-790
-829
-891
-842
-908
-1015
-916
-861
-939
-791
-634
-767
-1060
-1155
-787
-759
-670
-689
-771
-789
-832
-843
-836
-751
-738
-810
-863
-817
-721
-628
-598
-608
-654
-648
-584
-570
-551
-585
-666
-633
-531
-448
-421
-427
-516
-494
-430
-328
-303
-328
-340
-385
-382
-300
-212
-173
-183
-238
-249
-234
-183
-109
-80
-113
-95
-50
-42
8
49
69
-29
-72
-27
26
61
91
148
102
37
10
34
78
129
129
52
60
92
122
188
229
213
111
76
97
151
208
223
135
73
82
128
166
157
88
45
10
30
122
185
87
-73
-178
-94
51
142
96
-19
-74
0
12
-49
-54
-57
-18
39
-12
1
18
-40
-52
-179
-169
-315
-179
-115
-43
-133
-72
-148
-163
-75
-33
-45
-106
-114
-223
-183
-124
-108
-154
-171
-145
-108
-62
-69
-139
-176
-143
-206
-180
-180
-188
-327
-334
-315
-314
-278
-297
-273
-265
-205
-219
-264
-251
-292
-158
-160
-150
-119
-162
-121
-127
-93
-85
-157
-185
-132
-167
-64
-66
-22
-27
-77
-103
-139
-109
-46
-80
-98
-120
-221
-97
-83
-70
-95
-78
-56
-81
-46
-58
-61
-44
-25
-79
-33
-57
-38
-19
-19
-11
-58
-77
-31
-53
10
-11
-21
-23
5
7
-2
11
20
6
-21
-50
-24
-22
-45
-18
11
-7
-36
-15
9
0
65
33
-41
-3
18
80
36
0
33
74
79
69
150
113
140
140
122
132
117
15
108
76
84
95
134
136
64
60
158
150
177
202
230
227
250
297
248
270
229
204
190
174
177
187
256
202
157
135
156
207
209
188
182
194
180
177
179
201
219
163
201
213
131
167
166
240
282
255
205
193
204
250
228
189
178
220
202
186
171
218
180
171
180
187
115
113
83
89
29
37
56
85
116
76
33
19
37
65
85
59
26
27
106
87
64
76
95
26
23
53
86
123
43
19
37
46
51
65
48
45
26
43
44
51
63
39
48
62
37
42
69
41
38
63
44
30
14
35
39
-10
-37
-30
-14
-10
27
33
10
-42
-23
2
0
23
8
0
-9
-67
6
7
-29
-19
-36
-40
-31
-57
-55
-39
-29
-66
-25
-45
-34
-35
-25
-52
-59
-75
48
87
9
3
-5
-41
-49
-36
-23
-51
-31
-17
18
-2
-22
-20
-56
-56
-58
-50
-27
13
-66
-30
-20
-21
14
-9
-46
-38
-42
-23
-93
-52
-6
18
9
14
-13
-23
-69
-15
-38
-26
36
-7
-44
-36
-31
-46
-2
1
-16
-26
-15
17
-52
-46
-88
-90
0
-35
-67
-33
-93
-81
-60
-28
-77
-118
-100
-105
-82
-78
-47
-87
-95
-111
-98
-84
-97
-76
-68
-93
-119
-130
-116
-95
-74
-102
-97
-97
-80
-89
-108
-100
-53
-70
-116
-103
-77
-69
-63
-72
-78
-106
-111
-72
-97
-76
-79
-117
-97
-83
-105
-102
-100
-124
-108
-102
-112
-112
-98
-100
-122
-128
-127
-104
-103
-102
-100
-105
-98
-113
-107
-116
-115
-88
-109
-127
-106
-114
-91
-92
-94
-103
-92
-106
-115
-105
-111
-114
-127
-103
-93
-114
-108
-111
-112
-104
-100
-118
-120
-113
-114
-112
-108
-104
-117
-132
-120
-110
-105
-122
-111
-118
-117
-117
-103
-102
-133
-117
-112
-116
-107
-106
-113
-118
-121
-115
-104
-103
-102
-107
-115
-110
-127
-95
-105
-109
-106
-109
-120
-116
-108
-105
-122
-103
-101
-122
-119
-100
-115
-123
-129
-119
-108
-117
-113
-112
-115
-115
-119
-114
-125
-131
-129
-114
-115
-121
-101
-124
-133
-125
-122
-138
-124
-132
-141
-146
-147
-169
-145
-128
-180
-171
-149
-161
-149
-168
-167
-178
-180
-209
-194
-184
-177
-201
-212
-200
-198
-199
-201
-221
-221
-210
-208
-214
-236
-237
-226
-251
-265
-243
-240
-255
-246
-233
-240
-259
-237
-275
-237
-231
-231
-244
-241
-230
-225
-206
-222
-233
-251
-240
-231
-222
-228
-236
-245
-249
-235
-231
-227
-243
-227
-216
-197
-207
-217
-235
-248
-221
-212
-214
-217
-251
-216
-166
-158
-177
-195
-217
-218
-203
-196
-191
-194
-180
-186
-199
-197
-209
-211
-208
-201
-180
-177
-197
-192
-197
-188
-190
-198
-190
-193
-188
-180
-173
-172
-174
-179
-179
-175
-182
-181
-163
-166
-176
-200
-180
-165
-168
-160
-158
-175
-164
-169
-165
-153
-153
-155
-153
-152
-155
-162
-138
-147
-152
-151
-136
-133
-134
-135
-133
-151
-155
-124
-104
-103
-116
-123
-129
-112
-101
-112
-109
-100
-116
-91
-105
-110
-114
-110
-94
-104
-112
-108
-107
-100
-96
-83
-91
-93
-95
-83
-66
-58
-68
-96
-95
-54
-49
-46
-62
-50
-80
2
-13
-44
-50
-53
-46
-53
-47
-39
-52
-70
-66
-42
-29
-34
-64
-11
-25
-25
-7
6
7
25
19
13
8
22
35
45
49
44
38
30
22
23
47
57
68
70
74
67
70
59
80
97
115
105
85
77
92
105
126
142
140
129
112
123
133
128
154
149
125
122
153
174
190
158
139
158
144
133
164
141
169
188
164
151
153
157
186
180
178
156
156
174
140
143
152
152
126
136
165
155
179
161
139
123
126
133
110
129
157
128
129
149
125
126
125
122
121
130
131
118
111
118
105
107
127
105
100
98
94
88
75
101
97
88
122
104
90
101
118
119
87
80
76
93
90
96
77
78
86
113
114
102
87
97
80
91
76
79
98
94
80
62
62
33
83
109
105
87
69
87
62
86
70
77
72
67
80
86
76
80
68
97
77
82
97
102
89
86
99
83
89
86
83
91
93
74
80
66
80
78
81
71
67
55
54
64
46
52
48
62
46
49
47
53
53
62
55
62
68
64
66
58
63
73
67
64
71
71
72
79
84
80
75
77
76
77
78
88
98
99
115
126
140
105
126
115
120
128
130
131
127
132
133
125
139
135
138
117
129
132
126
139
128
133
134
137
123
132
141
121
125
120
124
125
140
144
119
138
122
113
116
94
102
85
108
96
105
73
42
84
94
111
123
118
133
126
111
106
123
107
143
123
144
161
156
136
104
96
117
124
115
135
134
135
148
179
150
143
142
125
149
148
124
114
137
142
140
125
111
117
103
110
114
114
112
97
342
-14
58
83
71
55
84
58
51
49
34
87
124
43
63
40
31
47
35
-1
-24
5
-37
-2
37
37
54
75
58
45
12
0
-28
-27
-28
-29
-27
-46
-39
-20
-41
-67
-55
-62
-81
-72
-64
-62
-69
-87
-120
-97
-100
-87
-106
-139
-160
-208
-157
-115
-133
-184
-167
-161
-193
-177
-151
-187
-190
-166
-166
-157
-184
-156
-160
-208
-233
-216
-194
-190
-209
-225
-245
-239
-192
-247
-261
-257
-271
-308
-312
-306
-291
-275
-302
-317
-307
-317
-361
-377
-389
-358
-344
-360
-426
-420
-401
-378
-380
-441
-420
-450
-413
-377
-440
-426
-419
-455
-444
-425
-378
-427
-470
-465
-467
-468
-443
-428
-432
-442
-454
-467
-480
-440
-489
-458
-453
-465
-491
-480
-456
-471
-465
-485
-479
-488
-491
-478
-463
-472
-478
-496
-468
-472
-476
-489
-519
-504
-481
-502
-497
-500
-521
-537
-497
-477
-484
-503
-517
-519
-497
-463
-495
-526
-507
-484
-487
-497
-505
-473
-494
-503
-501
-498
-467
-489
-476
-467
-464
-460
-477
-498
-515
-512
-494
-474
-486
-494
-500
-505
-483
-489
-520
-533
-541
-545
-543
-517
-516
-502
-497
-506
-528
-518
-473
-444
-420
-490
-545
-598
-607
-543
-503
-477
-517
-530
-489
-418
-370
-355
-366
-389
-398
-331
-369
-403
-399
-410
-393
-378
-388
-399
-378
-351
-304
-285
-311
-343
-336
-361
-341
-347
-379
-399
-419
-406
-350
-323
-313
-299
-322
-326
-333
-356
-349
-322
-304
-295
-275
-260
-242
-253
-243
-233
-235
-240
-234
-211
-214
-221
-183
-217
-223
-237
-212
-205
-173
-177
-198
-198
-175
-157
-122
-141
-149
-162
-151
-104
-86
-125
-115
-76
-73
-72
-102
-109
-101
-47
-42
-64
-60
-49
-8
-5
-10
-58
-74
-68
-51
-18
0
-8
-27
-24
-12
28
109
96
59
13
-2
11
72
155
153
125
74
60
86
141
176
139
130
131
98
132
122
142
113
126
141
177
153
144
147
162
150
146
125
152
146
166
191
154
117
154
168
169
164
160
197
182
148
135
186
218
182
144
116
149
136
156
131
161
137
154
154
171
177
160
146
141
125
152
182
143
106
121
135
156
114
147
151
126
113
130
120
145
134
90
117
120
135
129
103
115
147
147
144
80
128
143
109
94
110
124
107
106
103
105
181
161
135
136
128
117
100
87
130
80
114
115
113
70
101
133
114
110
111
78
62
166
138
96
79
94
135
159
125
102
118
147
152
125
129
98
101
139
140
75
114
177
85
74
73
62
8
52
149
141
138
94
172
135
108
145
121
143
150
112
80
88
88
93
143
141
126
52
124
108
133
97
75
90
78
26
91
57
96
46
30
25
47
28
29
5
30
5
-22
-10
11
26
25
16
25
28
57
51
10
34
103
77
48
-20
27
187
217
122
14
12
84
136
114
76
93
71
42
34
40
34
57
65
72
64
103
97
111
140
119
84
85
96
79
90
113
105
92
67
52
27
0
25
27
31
27
14
1
25
55
33
51
64
42
34
29
34
26
31
24
27
20
8
3
-11
-9
8
-10
0
-14
-19
-27
-49
-6
15
-3
7
0
17
15
36
47
0
-6
-9
-52
-54
0
-70
-85
-91
-118
-141
-103
-105
-128
-157
-166
-167
-146
-136
-141
-175
-141
-170
-122
-138
-167
-270
-361
-263
-188
-110
-142
-246
-366
-250
-198
-246
-250
-268
-256
-237
-277
-298
-298
-247
-212
-228
-266
-336
-306
-287
-317
-271
-326
-324
-375
-349
-315
-286
-279
-381
-433
-438
-413
-395
-395
-459
-538
-532
-518
-440
-393
-458
-506
-505
-465
-471
-517
-561
-580
-575
-483
-476
-494
-539
-534
-553
-564
-535
-512
-478
-506
-484
-492
-465
-489
-528
-526
-510
-500
-470
-500
-475
-454
-436
-459
-494
-480
-453
-434
-444
-459
-500
-482
-472
-440
-412
-385
-402
-426
-407
-355
-379
-443
-434
-390
-265
-311
-279
-333
-367
-298
-284
-273
-289
-245
-181
-170
-210
-225
-204
-150
-152
-136
-129
-83
-123
-159
-244
-180
-122
-87
-100
-137
-149
-140
-51
-105
-127
-88
-26
-31
-94
-61
-2
36
3
-49
8
40
57
78
53
60
62
1
-51
-77
-36
28
45
5
-3
25
-21
-11
0
-53
-12
27
-41
-312
-66
31
5
102
24
-112
-124
-89
-46
-34
-8
20
-19
-71
-125
-50
-22
0
-31
-104
-29
-10
-63
-16
-34
-71
-114
-95
-73
20
5
-38
-57
-45
-34
-138
-111
-92
-64
-42
-19
-32
-68
-96
-103
-56
24
10
-62
-67
-59
-70
-68
-25
-11
-35
-46
-20
-64
-78
-106
-74
-41
-80
-82
-87
-99
-85
-119
-117
-148
-149
-166
-171
-151
-150
-148
-242
-253
-276
-250
-231
-221
-243
-267
-281
-252
-284
-283
-308
-326
-311
-277
-197
-209
-253
-302
-302
-238
-203
-245
-274
-252
-180
-208
-236
-231
-204
-173
-197
-229
-258
-221
-215
-192
-136
-139
-204
-178
-147
-169
-160
-180
-192
-199
-156
-181
-212
-197
-197
-184
-169
-161
-208
-246
-266
-243
-247
-210
-229
-239
-237
-233
-198
-179
-173
-206
-208
-198
-211
-195
-187
-205
-228
-221
-202
-202
-197
-198
-201
-205
-205
-182
-175
-170
-183
-212
-198
-209
-199
-176
-162
-173
-182
-177
-183
-176
-162
-168
-196
-198
-173
-146
-139
-133
-164
-225
-160
-123
-154
-132
-188
-234
-206
-202
-187
-175
-195
-217
-171
-180
-212
-234
-230
-219
-217
-189
-195
-222
-242
-241
-230
-189
-108
-52
-156
-130
-94
-138
-157
-153
-118
-91
-76
-142
-161
-145
-158
-161
-187
-182
-160
-135
-154
-127
-147
-129
-101
-95
-139
-149
-161
-179
-185
-162
-140
-149
-151
-207
-238
-18
-73
-159
-99
-89
-86
-45
-62
-76
-30
-73
-95
-79
-68
-89
-36
-67
-97
-145
-120
-185
-117
-119
-119
-85
-51
-105
-86
-104
-109
-83
-101
-155
-154
-67
-204
-208
-62
-34
-125
-95
-108
-125
-58
-22
-77
-119
-221
-245
-142
-147
-184
-235
-178
-124
-92
-112
-91
-124
-101
-29
-86
-105
-118
-42
-118
-78
-83
-83
-68
5
20
-94
-28
-82
-123
-120
-212
-170
-199
-111
-136
-132
-129
-126
-96
-42
-47
-76
-66
-50
-32
-51
-76
-48
-56
-54
-10
0
18
19
-18
-107
-126
-108
-39
4
19
-8
8
-10
-21
45
35
-77
-63
-47
45
92
43
19
18
49
80
56
48
46
30
61
83
62
0
-23
-17
14
77
105
90
112
60
-44
-49
-36
11
67
56
10
9
24
-49
-70
71
2
154
180
-93
-264
-145
-29
43
123
18
21
-47
-64
-114
-58
-9
-7
53
66
11
-24
115
122
40
26
14
84
31
-36
30
-28
23
31
-5
12
4
24
0
-53
-44
23
-14
13
14
23
-104
-35
42
64
2
40
25
99
62
8
-28
54
130
158
130
70
54
87
139
205
200
210
140
124
67
59
105
105
112
87
34
28
95
149
164
178
156
113
96
159
164
150
152
121
93
135
171
206
202
108
82
128
114
67
65
58
41
64
69
52
93
72
10
-14
1
13
0
-11
-28
-37
-56
-57
-41
-3
13
9
-43
-63
47
-44
-19
-14
-51
-103
-122
-73
-4
48
39
31
50
36
34
-17
-38
-91
-101
-53
-31
-8
-31
-55
-84
-60
-6
-19
-34
-20
-28
0
-34
-51
-3
-63
-45
-2
33
-33
-59
-36
-21
-37
-66
-65
-55
-4
17
-15
-57
-41
-37
-42
-46
-46
-57
-43
-78
-90
-97
-69
-81
-104
-116
-66
-83
-92
-122
-86
-85
-68
-39
-34
-61
-73
-57
-108
-129
-142
-139
-64
-41
-51
-77
-123
-133
-138
-83
-93
-125
-94
-77
-84
-67
2
-96
-162
-112
-45
-21
-45
-27
11
70
0
-80
-138
-146
-123
-92
-104
-82
-95
-67
-71
-115
-111
-80
-88
-83
-74
-82
-111
-118
-132
-95
-96
-90
-78
-91
-118
-90
-120
-117
-142
-140
-115
-105
-114
-120
-115
-110
-107
-108
-93
-107
-121
-145
-167
-142
-125
-112
-136
-117
-110
-132
-146
-104
-116
-137
-123
-135
-146
-93
-100
-82
-97
-140
-97
-71
-50
-2
19
0
-20
-38
-86
-118
-125
-53
3
6
-33
-35
-82
-72
-42
-35
-64
-76
-100
-26
26
71
62
16
-4
-50
-55
-42
-54
-22
-18
-16
-23
-36
-44
-51
-190
-259
-193
-83
22
71
-70
-162
-169
-57
6
-60
-74
-97
-64
35
139
22
-70
-36
-31
18
-8
13
0
11
49
82
21
-14
-39
-45
-8
12
3
52
89
75
95
15
-41
-89
22
98
24
8
-57
-115
-186
-108
57
-23
-98
-100
-52
36
30
-46
-62
-37
-34
-20
-11
25
117
16
-36
-22
-6
-29
8
0
2
42
34
34
26
10
22
36
42
47
77
75
86
36
19
54
41
57
63
87
80
84
-104
-63
-124
-101
-104
-31
-35
-72
-68
-43
-34
-30
-32
-61
-64
-74
-73
-53
-56
-78
-56
-51
-14
-20
-8
-22
-15
-34
-37
-16
-30
-31
-35
-15
-13
-31
-49
-61
-82
-38
-35
-52
-14
-13
-19
-7
-11
-27
-26
-31
-24
0
27
-54
-54
-90
-43
-88
-49
36
19
22
13
-48
-97
-130
-47
18
9
-10
-52
-52
4
-48
-39
-54
-47
-56
-35
-52
-102
-144
-135
-96
-70
-54
-66
-102
-56
-33
-53
-53
-62
-63
-91
-58
-49
17
-10
-29
-32
-37
-26
-16
-41
-84
-124
-100
-65
-42
-51
-38
-48
-88
-76
-44
-3
-83
-69
-31
-29
-47
-96
-83
-87
-58
-67
-70
-106
-111
-89
-91
-106
-99
-95
-87
-90
-80
-90
-103
-98
-77
-77
-88
-52
-72
-68
-67
-71
-78
-87
-85
-91
-104
-107
-102
-109
-108
-101
-102
-100
-101
-105
-98
-98
-106
-104
-115
-119
-109
-109
-109
-104
-86
-100
-99
-113
-108
-99
-94
-102
-112
-111
-102
-88
-106
-98
-99
-115
-102
-89
-94
-105
-135
-83
-131
-104
-113
-134
-175
-98
-109
-134
-117
-83
-111
-135
-117
-162
-104
-121
-149
-129
-76
-97
-119
-162
-158
-139
-140
-201
-73
-141
-137
-158
-153
-146
-140
-142
-113
-133
-139
-114
-95
-116
-202
-228
-136
-113
-177
-132
-97
-82
-155
-86
-14
-87
-52
-33
-54
-104
-54
-72
-63
-45
7
22
10
-70
-97
-38
-27
-15
-69
-81
-98
-60
-37
-52
-69
-115
-54
22
6
-59
-81
-117
-114
-49
-5
-34
-98
-135
-150
-126
-99
-105
-129
-136
-133
-113
-76
-76
-85
-79
-142
-41
-105
-97
-111
-124
-88
-223
-243
-201
-154
-168
-173
-227
-225
-199
-181
-193
-180
-192
-218
-267
-171
-152
-171
-196
-234
-232
-143
-94
-189
-240
-239
-206
-185
-200
-206
-229
-232
-209
-203
-209
-194
-207
-220
-251
-245
-202
-185
-206
-242
-244
-228
-184
-165
-184
-214
-222
-209
-240
-194
-166
-133
-106
-152
-178
-167
-155
-158
-141
-145
-190
-186
-203
-160
-153
-145
-154
-136
-153
-165
-190
-185
-170
-189
-194
-171
-152
-147
-130
-141
-146
-150
-140
-139
-105
-87
-142
-141
-56
-178
-97
-106
-110
-98
-118
-111
-102
-86
-42
-128
-131
-120
-76
-68
-92
-74
-90
-130
-58
-49
-10
-44
-60
-54
-35
-19
-30
-16
47
54
71
39
34
22
-5
-48
-59
-163
-52
-17
-31
-12
17
39
46
8
23
-6
65
28
-46
-88
-28
-32
-45
0
18
29
39
50
34
14
11
15
42
-7
-85
-103
-112
-49
28
46
90
57
5
-7
-18
22
65
66
49
24
-3
-13
-54
-49
14
-48
-54
-57
-43
-39
-26
3
35
34
-6
-33
-15
5
-31
-6
-2
24
44
11
-11
-10
-119
12
-8
-114
-83
0
-1
12
-11
5
-47
-70
-56
-15
-50
68
-38
-101
-100
-96
33
160
116
-116
-121
-43
11
-141
-136
-65
-6
95
153
20
-101
-38
-14
22
52
54
-46
-82
-27
35
23
7
1
18
0
-15
0
31
-14
-25
57
26
-42
26
-14
-63
-50
-41
4
62
125
65
-46
-146
-128
52
103
100
9
-55
-41
29
-34
-47
25
39
11
38
60
-103
-133
-9
111
168
139
72
-28
-68
-30
36
26
27
-1
-13
10
-5
9
-6
20
35
86
71
23
26
-3
10
-1
-16
-36
3
-14
-13
-33
-27
-15
-25
-22
-19
-37
-59
-8
-3
-22
-40
-34
-6
3
1
-39
-48
-12
17
24
-4
-62
-43
-20
1
-12
22
17
-5
-22
-52
-58
-62
-54
-53
-52
-34
-33
-73
-100
-129
-81
-37
-34
-68
-76
-64
-66
-64
-59
-61
-49
-40
-56
-103
-107
-95
-80
-58
-58
-80
-88
-91
-71
-50
-58
-79
-71
-41
-58
-67
-88
-94
-100
-103
-85
-54
-85
-67
-127
-131
-71
-99
-125
-121
-108
-104
-76
-34
-28
-32
-21
-53
-94
-115
-123
-105
-79
-29
-24
-96
-158
-157
-145
-98
-72
-52
-12
-87
-18
-5
-98
-103
-53
-59
-31
-103
-73
-67
-10
-38
-52
-52
-22
-39
-100
-150
-150
-175
-113
-132
-173
-242
-222
-262
-215
-219
-272
-293
-278
-246
-281
-248
-227
-220
-210
-210
-204
-221
-219
-227
-209
-223
-205
-195
-195
-208
-209
-254
-233
-208
-216
-216
-192
-161
-180
-188
-216
-227
-206
-169
-171
-167
-208
-201
-175
-177
-155
-182
-215
-244
-257
-250
-219
-189
-180
-194
-214
-220
-215
-197
-200
-248
-269
-288
-254
-241
-248
-229
-241
-267
-279
-320
-374
-328
-263
-265
-309
-292
-226
-262
-217
-247
-293
-331
-325
-283
-217
-260
-317
-296
-298
-276
-302
-296
-289
-271
-276
-290
-256
-320
-325
-342
-373
-350
-364
-341
-354
-311
-292
-301
-353
-407
-383
-347
-310
-255
-301
-360
-365
-375
-363
-355
-342
-327
-339
-318
-308
-296
-312
-338
-326
-330
-345
-303
-307
-323
-341
-338
-347
-350
-333
-340
-303
-288
-289
-354
-455
-492
-429
-379
-329
-314
-217
-220
-267
-406
-437
-393
-321
-191
-164
-360
-461
-451
-334
-284
-256
-280
-322
-345
-299
-256
-203
-240
-281
-303
-343
-328
-207
-171
-194
-221
-249
-238
-212
-190
-140
-193
-275
-276
-173
-163
-141
-118
-179
-222
-228
-133
-94
-138
-164
-157
-208
-135
-86
-138
-147
-171
-219
-230
-235
-261
-273
-205
-232
-300
-302
-293
-247
-200
-134
-88
-108
-216
-211
-179
-217
-273
-216
-148
-183
-251
-225
-174
-186
-189
-199
-233
-276
-288
-185
-137
-170
-213
-224
-243
-220
-244
-265
-222
-225
-240
-212
-159
-154
-161
-206
-237
-201
-187
-190
-178
-197
-218
-183
-160
-181
-209
-210
-215
-224
-196
-183
-197
-197
-186
-189
-171
-172
-197
-170
-167
-186
-216
-224
-197
-176
-159
-173
-209
-248
-215
-174
-137
-168
-190
-262
-260
-263
-245
-176
-120
-199
-327
-376
-330
-278
-306
-313
-339
-324
-310
-318
-328
-317
-312
-316
-336
-370
-367
-370
-390
-243
-215
-229
-232
-301
-310
-242
-196
-183
-186
-197
-177
-175
-163
-175
-173
-165
-191
-193
-157
-195
-227
-245
-264
-254
-226
-214
-228
-214
-167
-176
-185
-218
-229
-231
-217
-201
-218
-240
-256
-258
-212
-209
-203
-217
-185
-176
-124
-134
-147
-84
-61
-80
-57
-72
-96
-91
-73
-80
-61
-56
-80
-132
-177
-193
-189
-125
-75
-104
-82
-55
-63
-13
-4
-35
-59
-102
-153
-83
-46
-96
-46
-21
34
38
-24
-35
-15
8
55
83
97
-53
-62
-38
-9
-111
26
42
45
82
66
-9
-33
67
-26
-62
75
-20
-114
-158
-109
-70
5
-31
10
77
0
-1
0
-78
-67
2
9
-39
-34
36
12
-11
0
13
27
111
19
-45
-152
-98
111
-111
-150
-160
-100
52
22
-137
-201
316
128
6
7
-268
105
34
36
44
-24
33
-12
22
101
51
-12
-33
-44
12
52
47
22
-4
10
-39
6
-16
19
25
25
-41
-72
-54
-27
-61
-104
-64
-114
-161
-109
-154
-161
-97
-126
-170
-198
-246
-213
-264
-166
-156
-166
-284
-356
-248
-220
-203
-227
-248
-309
-253
-277
-276
-275
-293
-317
-376
-422
-453
-408
-365
-368
-444
-467
-449
-460
-482
-485
-521
-527
-516
-569
-578
-592
-627
-691
-697
-684
-698
-758
-726
-707
-707
-695
-712
-738
-818
-817
-815
-759
-740
-761
-839
-916
-905
-884
-782
-798
-884
-937
-898
-893
-906
-912
-924
-920
-857
-900
-934
-956
-1145
-1032
-804
-867
-921
-975
-1007
-978
-991
-990
-991
-1013
-1034
-1020
-999
-1036
-1064
-1025
-996
-1061
-999
-992
-1026
-1038
-1028
-1008
-1032
-1038
-1034
-1045
-1025
-1027
-1029
-1082
-1066
-1025
-995
-1009
-1048
-1052
-1026
-1019
-992
-1010
-1029
-1078
-1062
-1093
-1088
-1050
-1046
-1007
-1052
-1029
-1034
-1019
-1032
-1049
-1021
-1014
-1074
-1059
-1003
-982
-996
-995
-1064
-1048
-1071
-1028
-958
-915
-881
-1020
-923
-882
-1041
-949
-840
-887
-937
-963
-936
-893
-907
-908
-890
-904
-907
-893
-877
-869
-898
-912
-861
-850
-815
-832
-812
-799
-777
-796
-809
-776
-766
-756
-766
-754
-736
-741
-722
-729
-701
-749
-694
-718
-682
-659
-628
-630
-651
-625
-601
-608
-578
-541
-539
-552
-557
-510
-469
-474
-494
-447
-447
-429
-366
-427
-448
-402
-347
-282
-339
-398
-347
-314
-328
-307
-327
-211
-292
-309
-277
-226
-179
-186
-190
-176
-145
-146
-106
-59
-63
-64
-28
-47
48
49
-48
43
97
52
95
206
99
20
46
142
166
220
200
160
244
302
145
283
348
300
309
362
253
322
350
344
425
339
422
351
333
357
435
405
394
491
485
576
365
436
510
521
552
530
523
496
729
685
631
588
595
664
614
618
648
714
740
788
778
713
706
743
760
733
799
778
779
779
777
800
792
776
812
816
762
696
774
823
802
834
835
794
758
741
741
774
802
793
783
799
768
780
780
802
817
838
866
812
752
700
748
807
802
758
716
715
692
676
685
673
623
586
625
584
518
521
550
499
464
431
433
386
384
416
381
312
267
246
233
251
223
173
129
166
151
163
80
58
-17
8
-32
-13
-68
-166
-122
-111
-177
-204
-241
-249
-252
-286
-356
-340
-288
-379
-412
-387
-418
-508
-463
-459
-530
-612
-595
-593
-657
-720
-706
-452
-681
-737
-723
-719
-749
-769
-806
-936
-939
-857
-851
-933
-962
-951
-965
-919
-901
-917
-954
-999
-1038
-1010
-956
-963
-995
-1035
-1045
-1071
-1009
-982
-998
-1034
-1041
-998
-1014
-1043
-1016
-1008
-1027
-1000
-955
-959
-945
-986
-903
-799
-770
-797
-895
-781
-670
-636
-632
-686
-470
-620
-592
-810
-795
-657
-573
-426
-394
-458
-573
-612
-398
-381
-306
-291
-232
-287
-242
-297
-297
-189
-158
-213
-303
-227
-189
-170
-203
-66
-167
-106
33
0
-17
-20
-1
48
136
108
3
-111
39
132
135
133
143
108
129
135
129
234
332
228
224
212
188
182
205
227
266
233
223
207
182
144
169
165
156
219
229
213
207
264
248
266
248
226
202
191
198
125
87
109
164
231
291
289
261
162
157
125
149
248
262
226
234
182
165
188
223
240
275
272
284
233
194
204
297
285
348
263
203
203
229
261
258
306
416
416
379
324
349
328
349
350
342
358
369
342
344
347
384
483
510
500
515
494
478
469
478
454
432
484
519
563
576
580
556
565
465
577
600
592
644
616
292
656
680
634
567
608
515
757
696
677
705
655
613
716
744
886
861
727
748
855
776
863
837
771
847
977
807
886
782
802
846
840
981
853
800
682
826
877
985
916
688
728
834
833
805
899
756
690
773
786
740
758
739
796
783
663
618
653
736
561
563
537
499
464
471
526
531
512
459
480
362
361
396
438
380
378
333
251
309
324
250
286
284
192
167
111
-26
132
193
61
4
-9
-27
-48
-118
-130
-106
-201
-206
-225
-243
-355
-305
-281
-333
-387
-383
-401
-406
-414
-442
-452
-542
-517
-523
-562
-604
-560
-604
-674
-677
-714
-680
-701
-827
-739
-771
-789
-826
-812
-808
-859
-824
-862
-872
-874
-901
-956
-898
-884
-941
-890
-963
-1012
-904
-903
-953
-971
-972
-1002
-958
-955
-932
-926
-908
-996
-1031
-989
-991
-1060
-1033
-1007
-1031
-1016
-1005
-1016
-1046
-1108
-1024
-1014
-1066
-1105
-1080
-1042
-970
-967
-961
-984
-1104
-1090
-1003
-963
-973
-986
-1087
-1151
-1039
-971
-999
-1063
-1070
-949
-942
-896
-902
-919
-1076
-1016
-952
-917
-909
-948
-910
-832
-779
-791
-735
-727
-718
-717
-699
-819
-808
-784
-734
-749
-711
-583
-199
-20
-351
-507
-516
-429
-380
-443
-426
-426
-441
-363
-291
-335
-380
-355
-307
-264
-269
-227
-245
-272
-234
-105
-143
-186
-115
-56
-101
-90
-108
-172
-39
48
82
41
13
19
52
89
124
168
171
204
221
198
207
229
278
303
287
298
268
309
410
505
555
571
552
554
506
525
621
590
571
591
591
599
589
673
693
721
660
627
710
776
899
828
690
639
867
909
846
859
758
898
898
857
825
882
854
877
893
889
989
963
900
891
975
891
857
952
925
990
969
864
979
934
925
878
913
913
938
946
911
908
940
970
951
1000
927
895
924
878
892
930
904
862
866
906
922
908
928
848
842
885
892
921
864
870
857
869
872
972
885
990
949
913
869
954
934
921
882
872
944
971
914
897
907
993
977
909
882
847
832
852
830
768
726
761
801
794
810
760
689
713
705
671
583
511
513
484
466
441
422
404
377
324
264
200
156
130
185
49
47
104
124
58
-20
58
164
176
172
48
18
57
44
23
63
128
33
56
2
74
46
27
4
38
34
14
33
38
10
18
-1
9
13
47
41
1
-82
-10
-9
-30
11
9
-2
-32
-40
1
62
-6
-79
-96
-59
-32
-52
-66
-54
-94
-7
22
35
29
30
5
-27
-17
-29
-48
-38
-30
-46
-36
-14
23
-28
0
-19
-40
-23
-24
47
-58
-58
-69
-139
-102
-69
-53
-43
-44
-100
-101
-76
-63
-97
-73
-83
-60
-40
-15
-53
-45
-22
-15
-11
3
-57
-74
-52
31
-7
-54
-80
-36
-30
-24
-3
-64
-133
-163
-169
-110
0
74
36
-13
-86
-201
-142
31
4
3
-78
-64
-47
11
-64
-11
2
-45
-77
-101
-81
-99
-81
-63
-96
-128
-103
-62
-60
-68
-70
-63
-92
-94
-94
-80
-91
-91
-107
-100
-99
-75
-144
-151
-149
-151
-152
-144
-142
-150
-147
-159
-154
-127
-138
-130
-193
-88
-56
-55
-64
-85
-76
-68
-50
38
52
25
11
-40
-93
-69
-26
-11
-58
-51
-76
-104
-150
-90
12
122
128
37
14
3
19
35
58
104
71
40
24
18
0
-78
-39
-39
-32
12
26
32
-21
-1
-11
33
208
100
-60
-182
-75
84
153
96
45
59
63
116
71
-16
-128
-78
70
-102
-31
116
62
7
46
70
64
68
59
81
65
60
129
83
72
58
79
57
98
83
73
41
-5
-16
14
67
77
101
45
54
58
88
118
95
63
63
80
94
86
46
20
50
46
19
50
90
47
36
54
104
99
15
2
33
27
31
-9
35
3
-44
13
74
30
13
19
4
29
39
80
76
42
9
3
14
14
21
-25
-18
56
38
6
0
20
32
30
20
48
26
-8
6
30
43
16
0
28
42
36
-9
-11
19
48
17
15
8
5
12
-1
5
-38
-3
1
0
-41
-29
-17
-28
-35
-62
-40
-9
-17
-26
-23
-38
-85
-49
-57
-13
-39
-25
-43
2
-92
-60
-65
-52
-48
-97
-64
-40
-41
-132
-64
-52
0
-4
-32
0
13
-12
-9
-22
31
-46
6
48
-61
-36
4
-15
-6
-31
-58
-109
-99
-50
-71
-86
-74
-64
-93
-66
-67
-57
-90
-235
-229
-151
-130
-125
-118
-129
-129
-88
-110
-114
-96
-125
-174
-130
-83
-87
-57
-62
-93
-106
-104
-93
-94
-99
-124
-105
-91
-80
-73
-92
-118
-125
-102
-99
-91
-109
-139
-153
-144
-94
-83
-145
-170
-163
-96
-58
-43
-2
-70
-49
-45
-30
7
-2
-21
-73
-94
-55
-32
-38
-74
-73
-40
-35
16
4
-45
-28
55
48
89
-18
-37
-65
-61
-34
-31
-41
-109
-107
12
0
27
-13
27
0
-85
-167
-301
-220
-186
-137
-95
-48
-80
-260
-215
-84
22
-9
-110
-112
-50
-10
-1
16
1
-11
-27
2
100
17
-94
-67
-33
-104
-105
-83
-23
20
41
60
65
-11
-40
-100
-96
-41
-37
-21
1
-16
-23
-36
-33
-31
22
47
27
-12
-71
-26
-11
17
5
-11
-31
-12
21
25
-13
-22
9
5
1
14
12
4
-29
-20
-16
-33
-6
-9
-22
4
31
44
-2
16
37
47
26
-9
-3
4
17
-2
11
36
57
37
0
-34
-12
-14
12
7
6
-2
-11
-14
-25
-26
-25
-22
3
-13
-8
-45
-45
-35
-15
-2
-9
-18
-11
-4
-5
-32
-55
-44
-48
-41
30
-7
-56
-48
-35
-8
7
6
-15
-28
-14
-20
31
45
-7
-15
8
2
14
15
48
44
27
12
-18
-3
27
34
13
41
31
65
46
11
31
9
-22
34
60
0
25
104
67
62
47
-13
-18
57
62
51
61
42
53
65
81
80
59
45
51
47
77
55
68
45
53
66
55
67
54
49
41
28
33
47
48
42
44
6
-4
23
61
58
35
32
26
44
53
46
49
22
12
24
21
21
25
39
27
32
38
38
28
20
15
8
6
7
5
1
15
1
3
14
10
16
15
6
13
54
19
40
64
37
43
60
82
28
25
66
65
81
80
96
67
77
95
116
116
123
124
133
109
114
170
146
144
138
155
162
157
171
159
194
169
186
167
177
175
208
210
187
186
189
214
235
211
211
204
228
230
235
260
262
265
262
278
289
307
306
327
337
345
370
382
385
374
367
373
374
400
411
404
397
403
403
418
459
430
438
444
440
430
435
457
449
442
409
448
443
453
444
395
364
522
536
465
444
437
418
447
449
462
481
467
453
450
453
459
460
443
429
421
403
390
406
405
402
415
406
429
409
401
390
385
385
378
362
380
368
370
374
347
345
365
358
342
290
331
383
376
358
349
356
360
330
346
323
303
316
312
321
333
340
309
307
305
329
272
265
250
260
271
249
242
234
212
210
227
199
173
176
208
239
189
174
189
180
200
178
152
160
161
129
126
131
120
87
131
125
87
103
83
60
62
62
29
13
24
33
-53
11
69
59
0
-20
-10
26
0
-18
24
-13
-16
-57
-45
-23
-16
-19
-35
-47
-87
-17
-51
-63
-42
-64
-73
-50
-29
-56
-23
-64
-124
-100
-102
-89
76
-127
-100
-85
-131
-94
-64
-112
-96
-68
-74
-68
-121
-141
-167
-160
-85
-80
-82
-129
-107
-92
-64
-91
-112
-194
-111
-111
-118
-178
-207
-164
-169
-125
-177
-209
-206
-218
-192
-232
-272
-299
-339
-349
-294
-315
-328
-372
-361
-415
-416
-394
-426
-416
-591
-487
-453
-480
-473
-451
-541
-486
-498
-510
-529
-556
-515
-583
-543
-537
-553
-569
-539
-563
-573
-552
-524
-515
-543
-565
-580
-559
-512
-541
-533
-499
-505
-512
-500
-503
-484
-482
-450
-489
-512
-503
-465
-472
-447
-444
-423
-406
-478
-410
-433
-408
-459
-500
-520
-477
-477
-474
-430
-355
-316
-324
-352
-55
-336
-324
-581
-405
-298
-190
-134
-187
-223
-237
407
-289
-250
-236
-97
42
105
-197
-345
-260
-141
30
-97
-70
-41
-165
-231
-239
-197
-310
-395
-339
-247
-203
-206
-274
-360
-356
-291
-303
-286
-233
-200
-259
-286
-274
-276
-268
-242
-208
-240
-208
-214
-204
-185
-205
-156
-51
-18
-42
-5
1
35
66
60
35
-26
-17
44
140
30
-38
14
-14
-101
-105
-112
-113
-122
-242
-190
-211
-174
-210
-338
-264
-322
-302
-316
-389
-317
-219
-315
-359
-447
-342
-330
-346
-370
-375
-440
-400
-391
-388
-431
-461
-412
-385
-461
-380
-437
-433
-381
-349
-357
-428
-411
-412
-398
-386
-465
-494
-517
-451
-425
-403
-403
-457
-416
-503
-557
-489
-445
-432
-449
-466
-503
-529
-492
-469
-435
-430
-418
-430
-513
-559
-509
-469
-506
-488
-494
-526
-493
-488
-475
-458
-509
-482
-443
-448
-489
-554
-554
-544
-498
-485
-535
-552
-454
-427
-436
-498
-559
-502
-509
-521
-494
-466
-456
-521
-533
-519
-529
-481
-490
-400
-137
-562
-531
-545
-461
-429
-413
-386
-399
-466
221
-341
-464
-474
-527
-639
-476
-469
-484
-474
-520
-477
-508
-469
-456
-493
-490
-458
-465
-463
-440
-469
-447
-467
-452
-427
-440
-471
-431
-430
-468
-443
-421
-424
-391
-382
-397
-385
-339
-381
-411
-368
-346
-309
-267
-291
-304
-292
-257
-248
-213
-233
-257
-231
-203
-193
-219
-265
-237
-222
-279
-325
-214
-200
-198
-305
-215
-209
-202
-197
-216
-179
-189
-294
-284
-164
-203
-209
-273
-282
-302
-272
-231
-250
-259
-300
-281
-227
-246
-252
-245
-259
-245
-232
-205
-219
-248
-221
-168
-191
-191
-181
-155
-141
-156
-134
-130
-133
-128
-142
-138
-161
-153
-155
-177
-138
-152
-126
-122
-113
-110
-67
-83
-100
-113
-125
-124
-79
-59
-28
-56
-62
-49
5
8
-26
-40
-4
-6
35
46
13
8
2
14
21
9
29
45
60
53
26
20
38
56
63
110
94
92
45
43
92
92
39
45
69
67
66
101
107
108
93
60
64
60
77
82
88
94
69
68
87
73
60
57
83
89
104
63
22
72
82
138
199
152
68
31
62
121
108
48
66
68
50
54
74
104
110
99
78
57
87
76
58
109
100
105
141
123
64
82
53
72
97
93
58
64
57
92
73
63
73
26
26
72
73
78
24
33
21
7
-13
72
95
89
83
60
-36
26
45
112
117
34
-36
-7
13
116
56
-51
-85
-89
-49
-49
-69
-24
-11
55
159
207
150
52
49
10
-15
-36
-37
-72
-94
-51
-61
-65
-3
94
43
-35
-44
40
-23
-80
-48
-24
-67
-89
-79
-63
-41
7
9
5
-20
34
10
-2
-29
-41
-16
21
267
25
93
68
25
-8
-43
-6
53
115
-58
-41
25
43
-82
-125
-68
-20
43
43
-48
-109
-120
-59
-5
14
-24
-90
-146
-120
-63
-6
-57
-77
-69
-66
-64
-71
-55
-28
-26
-27
12
-26
-108
-107
-55
-19
-17
-52
-23
-27
-20
-48
-101
-101
-39
-23
-10
24
5
-30
-17
-9
-37
-101
-106
-80
-150
-105
-28
-47
-126
-101
-104
-110
-89
-88
-124
-126
-109
-132
-161
-110
-70
-92
-45
-111
-83
-52
-72
-82
-96
10
13
10
-55
-55
-69
-75
-41
-59
-65
-59
-51
-90
-118
-35
-68
-78
-73
-163
-150
-51
-56
-68
-193
-324
-272
-21
141
-22
-166
-159
-235
-187
-25
15
-72
-144
-166
-179
-107
-114
-116
-141
-135
-80
-105
-69
-97
-129
-85
-92
-108
-126
-118
-165
-128
-5
-168
-215
-194
-184
-138
-163
-149
-115
-97
-74
-76
-75
-95
-114
-118
-154
-128
-103
-100
-110
-138
-117
-96
-76
-102
-117
-147
-98
-89
-60
-74
-97
-94
-57
-30
-72
-120
-88
-103
-120
-101
-131
-116
-96
-121
-121
-119
-75
-117
-142
-6
-8
-97
-118
-99
-120
-111
-61
-128
-168
-143
-111
-117
-172
-140
-98
-118
-118
-129
-141
-134
-126
-105
-85
-56
-91
-21
-59
8
-52
-100
-112
-93
-58
-60
-85
-116
-105
-83
-95
-90
-67
-108
-87
-95
-106
-98
-116
-142
-153
-146
-131
-156
-161
-157
-179
-152
-148
-157
-150
-139
-116
-108
-98
-117
-125
-141
-117
-109
-107
-108
-106
-120
-76
-83
-93
-95
-87
-70
-83
-88
-118
-110
-109
-74
-31
-45
-40
-112
-177
-131
-123
-114
-140
-171
-157
-156
-171
-164
-164
-165
-154
-126
-148
-137
-143
-144
-140
-96
-111
-100
-107
-115
-127
-111
-109
-114
-106
-69
-73
-73
-79
-52
-47
-126
-92
-13
-77
-98
-96
-150
-106
-23
-54
-90
-83
-104
-74
-84
-72
-43
-81
-85
-62
-50
-96
-76
-54
-47
-70
-54
-69
-79
-64
-76
-61
-54
-72
-67
-83
-70
-79
-88
-78
-72
-72
-81
-85
-88
-73
-85
-88
-72
-103
-128
-100
-94
-72
-55
-31
-41
-30
-27
-26
-18
26
10
15
21
-7
-23
-1
-31
-23
-80
-24
-8
-3
5
23
-74
-120
-110
-72
-30
17
52
61
-12
-138
-116
-96
-54
-5
15
-97
-38
-141
-79
-57
-11
19
13
-122
-163
-207
-130
-204
-178
-182
-183
-153
-176
-190
-202
-258
-270
-207
-208
-108
-47
-67
-211
-259
-209
-228
-136
-138
-111
-148
-309
-313
-291
-226
-136
-158
-199
-297
-301
-248
-148
-209
-228
-290
-265
-225
-171
-193
-261
-317
-372
-383
-388
-346
-393
-446
-485
-461
-485
-479
-476
-528
-591
-602
-635
-603
-654
-666
-654
-666
-695
-770
-864
-726
-755
-714
-848
-904
-913
-890
-909
-878
-900
-956
-1028
-941
-907
-899
-921
-1022
-1103
-1018
-984
-955
-1121
-1104
-1038
-1026
-1101
-1093
-1063
-1044
-1026
-1093
-1094
-989
-1036
-1019
-1016
-1051
-1096
-1094
-1033
-1075
-1073
-1034
-1003
-1030
-967
-1011
-1009
-1020
-962
-995
-999
-973
-975
-909
-913
-976
-949
-895
-859
-848
-861
-837
-818
-791
-639
-638
-864
-724
-584
-530
-550
-636
-619
-569
-510
-515
-489
-501
-477
-499
-438
-364
-405
-378
-420
-336
-290
-258
-172
-249
-278
-207
-101
-72
-67
-172
-83
-87
-10
91
82
147
125
44
72
115
78
106
169
230
169
231
259
276
276
347
381
408
397
469
484
520
539
517
559
570
574
527
552
585
676
583
534
667
679
680
657
654
647
757
765
749
772
766
760
803
811
764
793
820
844
873
810
794
864
901
948
990
792
848
941
920
871
895
828
915
993
1029
1008
931
912
947
915
925
939
913
938
946
987
945
936
965
923
979
959
908
891
929
969
904
898
922
833
911
834
833
809
851
845
794
777
804
813
809
761
737
746
775
765
723
718
771
797
666
592
612
635
669
661
630
612
617
619
577
625
632
587
562
560
596
619
601
515
453
452
432
546
507
456
428
364
353
379
366
362
338
336
295
266
215
241
221
182
230
269
237
280
253
182
183
192
290
285
279
197
185
170
200
221
215
189
182
181
194
232
234
211
215
246
232
225
161
139
150
150
78
78
98
156
202
206
216
259
229
192
182
166
137
160
206
163
159
186
173
125
114
145
149
94
47
22
30
62
44
55
1
0
73
73
132
163
54
-16
-31
-5
5
-36
-117
-138
-87
-63
45
-17
-109
-77
-62
-101
-134
-193
-199
-74
29
123
26
-8
-1
-50
-198
-263
-201
-171
-101
-144
-103
143
57
-88
-185
-199
-145
-32
38
-96
-112
-146
-129
-84
-78
-141
-208
-50
130
37
-46
-187
-162
-155
-67
-107
-130
-184
-161
-128
-75
-62
-75
-20
0
12
-45
-94
-202
-166
-140
-128
-100
-50
-46
-27
10
-115
-46
64
-30
-125
-94
-44
32
-15
-60
-42
14
-14
-42
-62
-48
43
18
-82
-38
-58
-93
-29
-17
-72
-93
-95
-65
-63
-49
-42
-64
-100
-43
-83
-91
-44
-2
-129
-107
-74
-92
-99
-41
-35
-86
-20
-54
-58
-37
-10
-47
-2
-21
11
-38
-51
20
23
-46
11
8
-30
4
26
4
-10
-55
-40
9
43
13
-100
-33
5
-28
15
0
0
-4
-25
5
24
45
39
31
0
15
10
36
30
-1
0
-43
-57
9
42
21
24
-38
-4
-7
-19
10
-21
-14
-4
-38
27
-18
15
8
65
23
-16
0
-24
-30
7
45
-5
22
-74
-23
-10
-1
-3
19
50
37
23
61
47
52
33
65
111
114
139
78
85
21
41
64
-31
-27
83
-28
5
6
-27
-2
46
58
114
125
60
-47
-135
-77
63
127
110
-25
-73
-98
49
158
104
-3
-136
-132
28
23
82
35
52
34
34
40
91
70
44
27
28
16
14
15
62
88
58
-1
-14
-20
-5
-2
-345
93
-101
-43
1
11
32
29
-31
-25
16
28
62
19
-17
188
22
156
66
-87
-144
-107
-9
39
57
75
17
79
-80
-133
-53
-7
-7
-62
-99
-114
-107
-127
-158
-194
-236
-129
-107
-160
-238
-318
-326
-239
-295
-240
-89
-15
-15
65
62
36
-40
-79
-72
-68
-83
-120
-79
-62
-49
-67
-94
-170
-187
-200
-157
-119
-159
-141
-144
-144
-107
-82
-80
-102
-57
-59
-18
-51
-120
-104
-81
-42
-13
-19
-52
-40
-39
-80
-97
-149
-150
-152
-146
-165
-134
-103
-97
-118
-166
-127
-77
-46
-63
-92
-110
-52
-50
-58
-33
-25
-51
-63
-16
1
-19
-29
-38
-35
5
-20
-117
-146
-115
-110
-116
-96
-97
-97
-48
-83
-129
-126
-95
-95
-118
-118
-122
-38
-40
-137
-144
-59
-124
-82
-72
-117
-120
37
-9
-51
-83
-54
1
-25
-31
-31
-54
-6
5
-41
-82
-108
-72
-5
0
-25
-51
-102
-67
-89
-152
31
10
-127
-101
10
-26
11
9
-16
-282
-65
-20
-13
-36
-44
-66
-64
-27
-49
-119
-123
-73
-22
-62
-146
-130
-78
-48
-60
-131
-156
-156
-87
-57
-29
-59
-121
-105
-171
-104
-46
-16
-51
-53
-36
-99
-75
-34
-76
-35
-92
-99
-70
-37
-60
-28
-139
-165
-113
-96
-57
-229
-217
-156
-139
-86
-70
-97
-111
-124
-104
-154
-128
-64
-107
-180
-192
-142
-84
-57
-24
-152
-155
-169
-140
-116
-40
-74
-177
-167
-165
-163
-24
0
-36
-120
-184
-133
-85
-75
-61
-79
-19
-134
-184
-96
-96
-83
-101
-85
-184
-168
-146
-105
-61
-121
-132
-147
-115
-31
15
-19
-121
-171
-142
-69
-40
-87
-123
-131
-46
24
-66
-108
-130
-134
-102
-22
-36
-60
-107
-113
-126
-92
-125
-136
-141
-156
-136
-117
-60
-185
-281
-310
-196
-185
-197
-241
-279
-223
-182
-179
-209
-143
-106
-164
-240
-291
-319
-259
-191
-145
-171
-202
-182
-200
-76
-134
-172
-284
-376
-313
-177
-180
-278
-206
-209
-202
-229
-269
-256
-204
-216
-215
-182
-139
-43
-100
-201
-215
-90
-96
-108
-172
-109
-16
18
-83
-132
-167
-197
-173
-104
-33
-103
-195
-197
-160
3
15
-125
-227
-260
-129
-78
-300
-311
-240
-58
2
59
-123
-335
-276
-111
-11
128
63
-324
-35
-53
-24
26
-134
-139
-78
-68
-41
-75
-99
-128
-80
-72
-42
-61
-60
-75
-31
-61
-23
-2
-26
-72
-71
-18
0
-8
-46
-103
-69
-8
58
44
-18
31
72
48
10
-30
11
80
119
105
98
41
61
104
112
135
66
64
58
102
124
97
97
92
120
163
172
54
125
77
104
141
117
80
221
176
47
59
34
32
166
193
141
153
99
115
156
74
27
83
113
133
129
116
125
138
68
133
124
94
138
124
44
181
228
288
304
208
198
283
322
315
241
233
277
377
384
370
341
416
417
406
309
363
392
402
438
501
532
544
525
620
592
616
661
631
614
588
617
624
656
636
596
639
678
678
698
680
694
684
687
727
729
733
587
768
801
829
884
867
798
751
766
790
850
869
867
859
874
855
883
897
915
913
907
877
900
932
930
930
922
905
906
914
940
949
968
956
927
893
879
923
911
938
994
1014
993
945
913
924
923
900
890
900
912
915
915
886
858
863
842
812
812
800
746
780
786
758
712
655
580
694
694
635
572
551
436
418
330
509
600
437
429
432
425
343
346
387
339
333
331
343
354
338
313
303
317
307
330
318
328
282
300
284
279
212
212
381
258
247
270
279
261
262
300
194
263
239
240
201
98
77
9
53
67
81
-49
-99
-55
-64
-26
-53
-78
-125
-66
-49
-94
-152
-166
-99
-93
-123
-122
-257
-245
-187
-176
-252
-261
-237
-254
-361
-296
-233
-233
-298
-438
-463
-449
-436
-393
-391
-418
-151
-488
-587
-482
-462
-450
-431
-437
-451
-506
-459
-543
-533
-500
-514
-555
-789
-611
-642
-640
-670
-686
-681
-688
-627
-700
-666
-771
-809
-829
-821
-765
-758
-762
-808
-930
-927
-895
-841
-852
-916
-887
-888
-967
-937
-861
-906
-917
-948
-1026
-1096
-1005
-937
-929
-943
-875
-1048
-1000
-1055
-980
-972
-980
-1012
-960
-1047
-1143
-1064
-1008
-1083
-1186
-1144
-990
-999
-1006
-1022
-1094
-1066
-1039
-1066
-1005
-1043
-1040
-1025
-1057
-1054
-987
-1079
-1051
-1003
-1005
-1006
-1017
-964
-972
-959
-977
-894
-922
-896
-920
-967
-927
-838
-621
-453
-301
-152
-188
-363
-461
-452
-439
-387
-345
-348
-329
-316
-296
-261
-254
-247
-236
-228
-237
-196
-178
-219
-228
-249
-322
-401
-258
45
-41
-258
-206
-238
-295
-224
19
-158
-68
21
-25
99
144
179
199
152
148
186
200
227
170
112
183
211
205
229
251
252
227
177
180
203
183
230
154
160
162
157
172
170
177
130
157
272
145
93
126
102
113
146
151
135
128
151
157
147
104
114
129
39
-46
-61
16
236
283
200
144
103
85
83
74
56
70
72
71
82
98
103
166
68
87
35
-17
56
95
85
116
79
68
85
-12
45
-21
-59
5
52
134
-3
49
-85
195
49
-97
-131
72
152
-28
-58
-48
-45
-51
51
18
32
106
-81
-62
-12
6
-28
-19
-47
21
27
-7
-9
-7
24
21
-12
-41
-59
-56
38
41
-24
-127
17
-18
0
-6
-19
-4
-16
-34
0
-14
-12
-52
-60
24
12
-10
-14
40
-18
-1
-44
-46
-6
-20
3
46
-17
-10
-11
35
23
-101
-52
-7
-74
-41
-43
-41
9
67
86
32
-16
-36
-26
-4
-14
-20
-7
-7
-29
-65
-56
-16
5
12
17
-45
-106
-104
-56
-43
-46
-81
-140
-87
-49
-41
-87
-81
-66
-105
-110
-113
-107
-107
-120
-120
-124
-122
-132
-148
-156
-144
-166
-171
-177
-172
-189
-176
-200
-183
-193
-233
-227
-206
-225
-238
-243
-247
-244
-255
-221
-228
-230
-241
-226
-250
-184
-165
-145
-112
-137
-131
-127
-148
-162
-176
-163
-150
-155
-199
-129
-110
-106
-149
-132
-130
-160
-161
-158
-181
-173
-169
-146
-178
-149
-140
-106
-136
-181
-146
-172
-125
-226
-200
-211
-174
-197
-189
-235
-254
-227
-206
-190
-130
-128
-169
-161
-170
-185
-182
-126
-76
-14
-47
-67
-105
-3
103
108
40
-34
-32
14
28
38
47
4
-86
-125
-95
-65
-96
-130
-147
-155
-140
-97
-83
-57
-43
-14
-105
-96
-123
-93
-88
-25
0
16
11
-21
-37
-47
25
50
12
-21
-23
-40
-31
-64
-41
-38
-43
-30
-53
-6
8
-31
-13
-14
8
27
9
-23
-32
-23
-24
9
-20
-30
-11
-20
-40
-69
-13
34
11
11
0
-4
-5
-12
-22
-12
-38
-54
-73
-52
-60
-53
-48
-35
-31
-39
-35
-51
-61
-71
-78
-64
-88
-78
-64
-46
-39
-42
-36
-15
-8
-32
-39
-66
-60
-32
-25
-29
-49
-46
-50
-57
-65
-88
-79
-28
-2
16
-33
-56
-65
-21
31
-3
-21
-36
-62
-90
-69
-28
-14
-47
-68
-72
-56
-59
-74
-85
-83
-72
-80
-88
-71
-10
-19
-41
-56
-56
-60
-26
-27
-110
-166
-116
-81
-56
-57
-99
-88
-101
-73
-94
-117
-101
-122
-127
-135
-131
-101
-83
-109
-137
-151
-134
-120
-129
-154
-166
-179
-133
-93
-64
-82
-103
-118
-105
-77
-41
-60
-33
-44
-97
-76
-44
-26
-46
-117
-149
-201
-174
-133
-119
-127
-138
-209
-151
-144
-92
-76
-69
-60
-59
-23
-18
13
16
-11
-43
-39
-51
-36
-37
-26
-17
0
11
2
24
11
-19
-54
-32
-58
-10
-3
-21
-60
-97
-50
-5
0
-2
3
-9
12
42
35
69
62
13
-29
-65
-114
61
92
54
34
-7
-18
-65
-12
-5
-14
-46
-124
-111
-86
-51
-16
7
-20
-34
-99
-438
-275
-262
-97
-35
62
63
9
6
31
18
-44
-97
-172
-79
-8
20
-57
-97
-80
-93
-43
-47
-84
-62
8
-10
-59
-78
11
106
80
55
-37
-52
-31
-35
-38
-83
-89
94
143
54
-10
-1
-6
54
35
-58
-83
-65
4
20
19
-15
-16
-43
-22
-12
-10
-41
-8
-6
-7
-8
-30
-56
-17
29
-1
-2
-15
-22
-26
-10
8
-13
-37
-39
-80
1
21
-25
-20
-16
-37
-62
-41
7
11
-6
-19
-24
-37
13
20
41
28
31
29
-19
-7
49
79
93
68
-56
-201
-217
-69
423
271
205
79
-39
60
58
40
45
50
42
67
38
29
28
68
103
153
70
44
46
31
26
48
75
71
64
87
91
104
82
37
61
104
106
85
86
39
59
134
129
137
110
97
84
111
115
142
146
129
108
96
86
101
153
103
91
77
103
104
121
141
136
111
88
86
112
136
125
85
55
56
94
105
84
80
80
66
86
103
76
86
80
36
39
83
86
67
75
63
75
63
96
111
62
176
-10
-34
8
32
56
53
10
-12
-16
0
4
-3
-10
-44
60
-15
-73
-69
-51
-50
-40
-9
-61
-32
-37
-60
-68
-137
-32
-46
-74
-47
-50
-39
-142
-122
-145
-176
-225
-251
-218
-190
-180
-48
-148
-241
-212
-317
-246
-244
-237
-281
-281
-388
-457
-424
-391
-375
-413
-436
-493
-525
-549
-525
-521
-536
-536
-548
-550
-568
-579
-561
-562
-611
-664
-647
-666
-641
-644
-673
-677
-669
-649
-667
-688
-686
-713
-715
-722
-737
-722
-740
-765
-778
-802
-793
-812
-836
-835
-827
-813
-805
-780
-856
-874
-908
-909
-912
-930
-896
-906
-902
-917
-924
-934
-960
-947
-965
-1027
-973
-907
-956
-975
-963
-991
-979
-964
-969
-1005
-976
-893
-957
-1013
-1008
-979
-932
-831
-910
-951
-952
-906
-903
-907
-875
-848
-831
-879
-947
-942
-899
-874
-885
-861
-852
-868
-875
-876
-885
-840
-831
-808
-784
-742
-824
-791
-795
-777
-794
-787
-783
-794
-798
-782
-791
-793
-711
-709
-749
-805
-786
-780
-705
-712
-746
-700
-727
-719
-708
-717
-684
-671
-649
-662
-706
-682
-695
-661
-642
-645
-684
-649
-630
-637
-551
-618
-728
-636
-630
-568
-625
-673
-700
-637
-699
-676
-689
-625
-594
-589
-637
-686
-651
-584
-530
-531
-580
-650
-581
-531
-546
-535
-608
-574
-516
-539
-584
-517
-473
-477
-559
-561
-540
-489
-426
-444
-433
-416
-404
-546
-486
-472
-487
-437
-416
-417
-428
-479
-458
-458
-414
-466
-402
-388
-378
-345
-339
-378
-361
-361
-304
-274
-231
-226
-241
-201
-180
-180
-188
-174
-165
-132
-63
-58
-111
-75
-105
-89
-45
-52
-25
5
-30
-65
-73
7
17
5
0
32
67
96
80
74
89
83
122
145
103
124
135
144
119
127
124
161
153
173
161
159
172
211
197
180
185
195
221
225
253
299
288
235
235
254
238
250
255
247
291
287
274
275
251
253
289
289
209
231
308
309
283
251
204
197
249
269
227
217
152
177
255
227
167
228
160
175
209
158
136
95
125
159
192
125
95
54
81
112
162
141
126
149
90
152
162
248
176
83
159
188
179
168
197
286
265
186
208
278
344
278
217
261
249
291
302
258
230
289
242
283
296
260
278
312
273
373
385
372
388
421
445
473
435
416
444
430
464
457
528
577
612
663
527
411
439
516
542
506
476
503
561
617
587
574
557
600
664
612
583
615
624
608
671
708
651
605
815
778
770
731
734
779
834
830
793
764
766
778
790
796
781
778
803
819
841
843
884
826
811
857
883
942
875
866
851
869
867
903
909
995
942
829
776
732
871
920
920
843
841
884
924
926
854
866
874
828
863
849
823
768
839
804
841
823
825
770
757
789
763
739
738
771
729
735
656
732
772
658
627
604
522
520
485
488
530
518
405
374
394
452
567
413
319
319
489
546
350
343
385
362
403
379
339
424
336
366
349
196
209
283
355
345
440
312
278
295
277
270
286
337
343
332
322
329
353
363
349
343
306
364
372
287
214
271
438
466
432
376
371
496
525
411
260
435
422
350
214
312
516
463
353
293
288
410
445
281
239
398
417
546
409
352
377
356
378
374
410
397
339
230
194
334
389
364
300
319
357
401
420
387
312
324
299
392
394
358
358
364
390
487
481
400
386
347
308
259
283
283
358
427
457
484
501
481
460
432
383
369
358
372
377
395
393
414
415
430
422
414
403
392
392
402
406
421
420
418
401
371
378
393
422
409
385
404
419
422
395
395
399
387
357
410
365
398
380
385
363
344
338
322
304
304
327
330
341
355
334
303
361
394
466
455
428
429
388
354
373
375
398
300
298
276
244
295
276
270
280
342
334
349
384
378
326
365
438
350
369
384
429
435
381
417
426
410
451
460
507
518
478
444
482
492
529
550
533
527
533
522
536
548
580
567
547
536
553
590
565
568
589
590
619
608
615
512
571
554
616
549
560
608
597
537
668
581
589
581
569
552
589
542
562
588
559
560
532
626
593
562
694
754
755
725
568
542
604
677
714
633
611
623
616
674
716
662
594
588
615
671
698
668
609
659
662
674
681
627
572
618
666
710
818
781
635
559
577
641
691
686
649
645
687
661
655
652
656
654
648
685
674
616
629
637
589
545
515
523
544
576
605
576
543
479
465
452
380
407
428
401
351
319
333
359
382
381
368
321
282
270
284
273
234
175
126
136
632
358
146
18
28
256
388
355
218
150
209
213
189
218
318
238
213
147
226
310
163
160
130
111
41
55
14
112
75
-61
-101
-104
45
6
-74
-69
-82
-3
-29
-125
-165
-40
-44
-65
-50
-95
-49
-112
-87
-74
-78
-84
-67
-98
-132
-94
-62
-125
-86
-116
-164
-165
-201
-181
-148
-179
-259
-251
-284
-303
-264
-311
-292
-283
-289
-326
-322
-319
-353
-361
-377
-377
-380
-366
-366
-412
-406
-439
-412
-391
-417
-408
-418
-402
-448
-403
-412
-562
-484
-461
-455
-424
-460
-487
-441
-418
-428
-398
-361
-459
-496
-428
-336
-336
-351
-291
-318
-388
-361
-404
-377
-356
-303
-310
-364
-370
-361
-342
-238
-250
-356
-325
-334
-368
-351
-356
-340
-405
-346
-266
-207
-242
-297
-372
-352
-291
-279
-382
-343
-287
-220
-197
-186
-209
-165
-136
-166
-236
-294
-282
-174
-203
-154
-145
-153
-136
-229
-270
-255
-230
-185
-109
-179
-211
-185
-156
-143
-123
-137
-181
-177
-179
-130
-121
-284
-203
-114
-117
-87
-13
-64
-80
-149
-159
-75
16
106
10
-84
3
-62
179
181
178
119
65
31
6
50
113
81
124
101
109
108
146
149
197
174
128
108
132
176
180
182
173
117
105
192
209
203
174
127
107
139
161
166
165
168
176
151
93
-26
137
212
224
129
134
142
141
149
122
93
100
146
57
175
193
112
147
73
89
75
178
219
162
97
95
97
111
107
72
62
95
128
167
161
169
118
65
12
60
120
131
138
168
83
81
23
-6
46
66
85
83
-32
-35
7
69
6
-32
-42
-74
-15
8
-114
-160
-125
-104
18
-32
-44
-108
-179
-144
-86
-75
-80
-86
-84
-71
-50
-41
-61
-103
-117
-133
-121
-87
-52
-63
-62
-71
-86
-100
-114
-95
-106
-136
-127
-98
-93
-128
-159
-180
-192
-196
-181
-183
-174
-160
-124
-107
-177
-242
-288
-311
-267
-238
-230
-400
-270
-288
-249
-264
-318
-276
-232
-408
-334
-307
-406
-419
-390
-355
-354
-405
-333
-434
-381
-640
-739
-686
-673
-678
-674
-659
-700
-690
-656
-657
-647
-665
-723
-675
-693
-681
-731
-778
-814
-784
-757
-768
-761
-756
-787
-718
-1198
-1121
-882
-976
-952
-972
-933
-926
-915
-960
-955
-978
-1026
-997
-977
-914
-903
-966
-1013
-1010
-1041
-1017
-995
-1015
-1033
-1071
-1064
-1040
-1042
-1040
-1029
-1020
-1048
-1094
-1075
-1028
-1013
-1004
-1001
-1050
-978
-1122
-992
-991
-981
-978
-979
-983
-976
-997
-965
-968
-999
-995
-938
-909
-952
-903
-835
-850
-821
-802
-788
-751
-738
-685
-646
-631
-652
-608
-564
-502
-474
-492
-476
-447
-442
-379
-352
-355
-247
-272
-278
-218
-178
-162
-142
-120
-75
-176
-94
-51
-20
-26
-64
-67
-30
44
79
15
4
16
93
112
221
172
110
114
185
280
305
279
337
286
317
383
431
448
455
408
425
424
470
462
438
507
450
527
461
509
627
563
591
561
545
489
544
680
694
692
680
629
674
675
719
746
711
687
746
682
853
881
785
811
826
796
757
718
797
957
1031
916
886
768
802
902
917
943
867
856
888
900
820
903
892
904
925
908
895
876
901
871
822
835
811
859
876
798
742
686
742
747
717
695
659
669
678
671
707
607
629
624
547
620
517
537
469
486
520
403
339
435
336
287
287
340
323
341
286
241
271
251
294
274
248
166
191
201
155
154
160
117
125
111
239
233
159
163
155
109
95
157
154
60
24
49
146
123
117
94
-21
33
30
40
-41
-124
-34
65
150
130
125
171
96
80
22
35
6
-24
-45
-100
-52
6
57
34
37
-10
-44
-54
-71
-46
-33
-59
-95
-99
-83
-68
-29
-14
-45
-28
-64
-77
-49
-55
-55
-107
-140
-113
7
144
168
80
41
-140
-232
-217
-209
-159
-10
-5
-20
-68
-104
-120
-39
67
78
10
-4
-21
-42
-85
-46
-49
-10
34
43
23
54
-55
-33
64
-94
-124
-101
-216
-316
-543
-317
-200
-194
-205
-229
-274
-249
-249
-133
-52
-67
-99
-62
-51
-21
28
79
69
23
19
27
19
17
-30
-16
18
8
20
35
13
-7
-22
-28
8
33
72
78
49
-51
-80
-55
-100
-58
-53
3
-47
4
59
28
81
32
17
29
35
29
126
59
32
43
61
106
69
106
96
88
70
88
126
114
111
85
124
117
125
135
89
46
98
95
128
116
121
105
87
90
105
96
81
115
120
112
125
152
138
147
125
107
105
89
111
141
100
131
106
127
123
153
166
155
146
115
123
154
169
121
130
109
110
127
145
149
112
155
94
47
77
150
163
204
158
117
96
75
150
157
78
272
150
74
108
137
114
61
77
151
61
71
74
-18
131
223
144
122
-27
20
49
73
22
70
83
-15
9
-70
-150
-156
-39
10
52
41
10
96
20
63
52
71
28
-31
-46
-77
-130
-62
-91
-74
-60
-47
-17
-26
-47
-53
-21
-42
-53
-56
-79
-95
-84
-82
-60
-109
-119
-118
-132
-95
-78
-101
-87
-132
-104
-118
-131
-97
-183
-198
-82
-53
-13
48
65
52
44
45
11
43
25
-99
-165
-117
-51
84
116
134
94
86
76
82
63
40
50
75
-22
-66
8
3
-23
-109
-92
-48
-77
-42
-38
-59
-64
-65
-100
-121
-47
-39
-72
-66
-111
-126
-105
-166
-160
-126
-101
-106
-156
-176
-163
-164
-146
-197
-253
-198
-208
-213
-189
-226
-225
-274
-287
-284
-241
-265
-312
-344
-320
-312
-332
-338
-352
-343
-335
-326
-366
-361
-362
-356
-362
-385
-412
-391
-397
-439
-468
-404
-347
-291
-359
-407
-370
-351
-301
-351
-374
-346
-322
-278
-372
-365
-315
-232
-289
-309
-334
-347
-311
-273
-302
-251
-193
-136
-189
-186
-177
-141
-101
-146
-146
-58
-111
-122
-59
-100
-10
0
-64
-118
-1
19
22
10
-68
20
-11
43
112
111
147
223
240
247
227
192
337
323
248
228
249
147
156
220
205
157
265
192
213
211
197
203
236
223
297
154
156
155
168
155
142
145
172
158
215
315
228
145
156
159
230
319
294
231
220
186
294
382
354
284
457
439
444
434
332
353
315
404
428
328
357
396
388
309
344
454
390
391
466
391
437
409
421
406
391
477
451
326
320
415
410
493
390
312
170
315
459
90
355
80
-21
116
264
319
274
182
202
129
96
74
55
26
41
24
38
25
18
9
3
-3
15
44
95
74
22
-78
-32
25
60
74
0
-97
-108
-95
-58
-59
-13
-26
-11
-14
-11
18
-7
-21
-20
0
0
1
-16
-15
6
-13
-42
-41
-47
-56
-64
-60
-42
-45
-59
-60
-37
-24
-23
-10
0
-13
0
0
-21
-56
-60
-64
-49
-26
-20
-21
-1
-10
-22
-16
-23
-21
-19
-41
-45
-28
-20
-3
-14
-34
-42
-30
-39
-13
-30
-32
-53
-47
-40
-45
-26
25
-20
0
-20
-37
-49
-35
-28
-61
-53
-46
-48
-67
-41
-13
-36
-95
-45
-19
-26
-74
-102
-88
-55
0
-23
-72
-45
-59
-45
-27
-19
-31
-64
-84
-82
-91
-94
-66
-71
-67
-86
-46
9
-34
-89
-93
-145
-26
-141
-219
-213
-114
54
-111
-150
-93
-64
-3
0
-143
-152
-228
-180
-168
-156
-337
-275
97
51
-66
-55
-30
-37
-53
-55
-38
-61
-47
-91
-59
-9
-25
-45
-48
-46
-51
-46
-54
-53
-45
-49
-46
-41
-49
-52
-48
-51
-54
-52
-48
-49
-52
-52
-52
-41
-49
-51
-51
-51
-48
-49
-55
-51
-46
