0
984
986
980
980
985
980
977
982
987
979
982
980
983
980
981
985
982
983
984
984
980
982
981
986
987
983
982
980
977
979
976
980
964
983
989
977
982
980
984
980
992
988
980
980
983
984
981
983
983
977
976
980
982
981
985
984
973
976
974
979
979
981
973
982
977
981
977
989
979
978
971
978
977
989
972
972
989
979
982
978
996
978
1003
984
980
981
979
972
974
987
973
993
987
991
993
988
988
964
957
975
938
1020
1007
1025
952
990
955
961
963
823
895
843
1096
985
1010
1109
1087
1018
966
978
981
937
934
929
938
886
912
922
1022
1019
899
904
929
930
905
871
876
863
830
883
831
831
818
808
836
827
755
713
730
784
718
673
642
675
675
603
597
600
578
552
562
560
524
451
431
530
504
494
413
332
412
443
396
356
273
289
309
279
266
236
204
150
178
217
190
162
122
111
51
19
32
49
23
-41
-50
-92
34
2
-55
-96
-98
-113
-93
-95
-77
-92
-195
-174
-194
-208
-126
-121
-139
-167
-265
-251
-217
-189
-149
-156
-237
-239
-269
-259
-197
-180
-180
-209
-221
-239
-214
-162
-109
-121
-191
-201
-208
-166
-131
-110
-150
-184
-193
-176
-124
-125
-156
-218
-176
-155
-104
-131
-142
-137
-122
-123
-82
-75
-101
-100
-58
-78
-68
-34
-73
-73
-35
-8
10
-14
-15
6
42
22
107
87
129
140
96
128
153
168
204
181
189
224
247
270
295
277
232
302
425
435
377
430
463
476
492
477
496
512
515
514
563
590
588
550
605
638
605
585
623
630
644
655
681
713
737
719
720
739
826
745
740
764
798
814
750
787
842
864
839
798
807
849
880
876
854
797
796
944
832
1027
798
983
1000
895
1034
1028
871
947
921
943
968
910
924
905
924
913
982
952
888
884
946
956
908
882
898
850
914
1000
889
872
866
849
875
898
861
856
908
874
840
854
842
797
838
809
811
776
792
714
665
672
627
644
726
702
619
623
566
654
623
558
503
497
522
521
489
467
478
491
509
461
435
424
434
419
403
437
449
440
416
402
399
425
470
423
412
438
438
414
399
407
431
418
445
477
460
434
467
486
426
472
463
452
580
647
501
431
442
412
346
365
377
595
1366
883
641
619
569
225
500
607
610
601
649
707
746
775
760
697
660
700
780
793
733
674
603
578
624
719
789
807
789
785
822
856
852
830
788
743
752
817
898
942
968
947
900
856
864
888
910
905
872
836
805
825
872
904
885
881
894
918
932
952
940
886
846
831
874
874
859
879
865
767
755
796
822
835
815
792
778
750
791
826
842
817
804
836
889
911
887
875
832
806
814
869
947
986
963
915
883
861
815
934
951
1005
1016
994
948
848
813
813
928
1076
958
885
857
888
947
1040
1045
962
909
799
854
829
994
1062
942
900
919
1045
1040
1016
991
1013
982
951
951
1008
991
985
980
993
1026
1012
943
971
944
938
957
997
921
933
942
982
993
984
1061
1060
968
912
917
942
1008
998
933
898
927
959
1037
1016
942
871
928
944
998
958
941
972
1023
998
999
944
946
951
975
960
970
988
986
939
931
949
995
1062
968
926
935
960
953
933
970
984
1027
937
953
927
982
919
963
926
929
949
947
919
957
947
953
991
988
935
946
939
949
930
935
935
927
927
945
931
912
913
921
947
931
889
903
962
932
958
902
891
900
953
969
952
906
936
946
884
911
981
975
928
944
894
898
901
1146
1030
898
867
899
893
922
989
933
855
892
974
963
929
895
905
926
926
917
872
912
931
926
955
931
921
915
954
1031
1000
931
879
862
860
857
953
1002
934
880
884
934
924
922
1022
1033
946
875
828
906
945
934
910
886
927
957
970
946
908
875
958
936
896
857
896
957
952
987
1031
1004
1022
1026
1051
987
931
949
957
958
964
958
972
941
974
988
1017
977
972
1002
1031
942
981
986
976
1013
944
997
1021
982
964
953
960
947
954
977
1000
1004
989
977
993
991
954
931
959
973
968
969
981
987
958
950
945
973
975
987
1010
993
1007
1007
987
972
961
946
938
929
974
1006
986
980
1003
970
1002
995
960
950
961
964
984
992
971
985
983
1003
972
958
1004
996
989
946
969
978
974
995
1042
972
956
969
948
951
983
991
982
1016
971
979
985
970
1000
990
974
996
987
978
973
965
983
975
979
975
969
966
968
966
996
990
998
996
990
962
970
965
974
992
983
989
1003
989
979
980
978
991
974
993
987
981
965
976
970
960
962
999
960
983
973
979
996
997
985
966
949
958
984
977
969
975
986
994
979
975
976
989
1008
997
972
976
972
971
971
980
963
967
978
983
969
976
985
993
979
996
994
977
981
993
974
982
980
958
972
977
988
987
985
970
970
975
993
980
988
966
970
969
967
975
974
989
970
966
986
989
987
977
963
969
989
980
968
957
977
984
970
980
982
974
963
976
989
978
969
966
978
990
981
991
989
978
969
989
971
974
978
980
994
987
977
986
979
969
960
976
978
979
980
978
978
977
968
971
970
963
979
983
987
987
990
972
979
983
966
962
966
967
978
968
976
964
970
976
985
992
989
965
972
965
986
976
971
983
972
972
975
968
969
968
991
991
986
983
990
968
973
972
965
953
959
965
977
968
976
991
971
978
961
967
970
977
988
973
972
981
981
969
964
980
972
979
956
1006
953
972
975
958
949
945
949
940
936
941
941
943
919
921
921
925
939
914
925
938
924
934
926
928
929
929
889
902
904
910
907
896
884
875
864
849
872
887
865
850
845
828
819
835
838
831
822
801
809
809
801
802
806
810
800
791
779
774
782
775
782
786
788
781
763
750
739
752
755
765
737
748
737
729
748
758
749
748
746
736
723
739
740
706
731
734
750
745
734
748
739
733
738
731
732
733
748
739
745
728
724
718
724
730
744
738
736
728
737
724
719
731
719
723
727
711
722
719
717
721
719
705
720
714
716
713
716
714
702
707
718
720
711
708
706
703
699
707
701
708
714
705
705
700
691
682
698
693
683
697
659
685
689
664
696
703
685
669
669
677
688
682
668
663
649
654
659
661
651
640
635
650
642
631
613
610
628
678
493
645
592
606
625
634
651
604
575
591
579
584
585
595
611
606
562
555
569
576
566
542
552
534
501
538
513
505
542
485
434
468
474
489
516
437
461
459
451
440
409
423
387
384
413
374
337
346
324
300
334
367
342
283
261
276
289
283
288
268
213
205
221
211
220
185
148
182
191
155
165
163
157
162
144
115
112
106
105
114
113
104
71
72
95
71
70
78
50
7
12
103
83
72
41
0
0
27
36
-16
42
-3
-45
-28
-11
-26
-45
-39
-22
-49
-90
-77
-93
-103
-117
-130
-147
-166
-166
-146
-143
-183
-204
-217
-198
-180
-206
-254
-292
-314
-267
-219
-248
-344
-317
-334
-291
-327
-346
-367
-392
-379
-378
-379
-393
-428
-445
-415
-455
-465
-482
-452
-463
-510
-536
-544
-568
-493
-490
-515
-510
-524
-550
-577
-560
-586
-582
-584
-585
-590
-573
-608
-618
-638
-642
-657
-638
-667
-687
-658
-649
-683
-702
-695
-721
-739
-750
-730
-737
-747
-775
-757
-771
-777
-802
-811
-783
-803
-828
-821
-819
-802
-807
-821
-829
-873
-898
-881
-851
-859
-869
-858
-866
-860
-890
-881
-870
-884
-917
-927
-929
-946
-940
-943
-926
-928
-915
-918
-925
-941
-918
-930
-931
-929
-976
-956
-959
-961
-966
-955
-952
-958
-958
-958
-987
-975
-989
-990
-984
-985
-994
-988
-999
-956
-966
-977
-970
-993
-997
-985
-1015
-1024
-1011
-989
-982
-994
-1008
-1010
-1013
-1001
-995
-990
-1007
-967
-949
-959
-982
-984
-989
-1005
-1001
-1019
-1011
-985
-942
-964
-974
-963
-972
-991
-1012
-1040
-1050
-1000
-977
-966
-964
-953
-930
-948
-975
-987
-1020
-1015
-1022
-1016
-987
-985
-963
-960
-962
-951
-948
-940
-958
-970
-990
-979
-1003
-1010
-1003
-976
-971
-990
-990
-998
-996
-1007
-1004
-709
-933
-942
-992
-1092
-1046
-899
-896
-964
-1002
-986
-966
-945
-976
-973
-987
-999
-961
-972
-934
-939
-884
-923
-921
-949
-1030
-1012
-987
-982
-989
-966
-938
-921
-938
-952
-917
-909
-944
-912
-916
-922
-889
-904
-880
-864
-885
-911
-873
-874
-888
-867
-816
-823
-842
-843
-849
-816
-801
-796
-750
-763
-799
-783
-772
-769
-751
-726
-723
-715
-726
-730
-737
-744
-696
-702
-701
-728
-686
-700
-732
-712
-682
-688
-692
-720
-715
-656
-592
-583
-613
-605
-609
-614
-605
-604
-597
-580
-529
-512
-497
-561
-553
-514
-492
-421
-429
-464
-454
-393
-456
-460
-468
-371
-333
-380
-375
-385
-368
-397
-361
-295
-248
-244
-272
-272
-236
-192
-191
-199
-222
-214
-176
-128
-136
-172
-152
-116
-136
-110
-116
-80
-94
-91
-74
-55
-63
-61
-147
-133
20
4
32
30
7
49
62
56
28
52
107
161
166
165
166
179
209
222
242
247
243
247
264
307
329
303
307
309
340
382
391
387
365
359
369
407
450
489
505
525
528
531
531
563
575
559
554
576
599
614
624
623
640
655
671
716
710
707
694
681
695
711
749
773
777
734
696
711
810
880
911
890
833
800
803
847
840
828
831
863
874
877
905
906
903
935
953
978
966
964
969
961
931
912
903
902
924
944
933
910
917
924
949
970
973
947
927
937
949
941
924
923
927
922
917
948
968
948
944
918
902
933
944
938
928
922
941
951
930
919
911
934
956
960
936
914
910
893
912
943
958
945
906
930
928
924
911
891
872
872
932
938
940
838
800
841
956
988
947
924
896
871
854
859
869
871
889
892
855
848
854
844
859
880
839
835
853
834
883
884
861
829
790
796
775
793
809
823
821
802
779
749
738
761
777
777
778
793
807
806
765
697
691
701
740
746
712
707
708
752
724
733
753
685
758
709
695
673
703
684
608
594
653
712
732
676
682
621
631
645
668
677
671
637
622
613
612
598
591
568
558
565
539
520
523
531
544
522
525
476
464
572
567
526
486
457
450
493
510
512
493
468
619
536
487
517
537
469
477
506
500
482
465
500
514
489
476
480
479
440
489
457
404
335
444
401
515
498
439
434
438
425
437
433
422
394
359
360
372
396
397
351
336
306
329
361
370
348
311
303
253
265
276
287
276
293
292
260
267
274
387
260
298
228
273
276
295
281
284
197
182
192
101
79
130
125
129
108
106
116
163
56
167
177
155
116
163
169
134
84
117
138
119
119
154
160
82
40
-13
61
76
80
58
49
77
26
24
21
-9
-49
-40
-34
-31
-35
-116
-150
-192
-95
-26
-136
-181
-150
-127
-113
-100
-184
-238
-235
-188
-100
-62
-111
-210
-314
-341
-255
-199
-233
-278
-270
-293
-344
-363
-392
-425
-471
-500
-503
-505
-490
-459
-457
-468
-465
-482
-518
-533
-464
-453
-395
-345
-350
-319
-322
-281
-250
-245
-230
-221
-246
-246
-240
-198
-166
-138
-133
-110
-93
-94
-61
-39
-28
22
76
82
112
114
136
157
184
223
262
266
247
261
271
325
369
391
383
360
375
423
461
468
487
506
550
564
632
649
646
654
673
677
716
699
688
686
682
726
733
787
805
675
729
754
845
849
740
708
804
871
861
903
887
783
762
800
854
885
841
830
890
922
907
840
821
825
870
898
876
877
907
901
911
917
949
951
929
898
878
925
946
932
931
902
871
886
916
882
831
818
871
943
896
840
823
880
933
916
865
822
785
774
742
764
770
811
838
798
716
675
695
673
649
620
640
641
630
619
653
634
646
614
601
603
578
537
531
507
489
491
484
503
478
460
411
375
349
306
246
231
264
300
299
234
160
98
82
-97
-137
-161
-123
-51
-104
-184
-352
-385
-394
-272
-293
-399
-461
-446
-407
-424
-434
-463
-501
-514
-519
-528
-572
-556
-542
-541
-567
-605
-579
-555
-571
-583
-600
-649
-684
-693
-704
-678
-633
-628
-657
-659
-656
-655
-705
-741
-741
-768
-781
-835
-862
-814
-790
-819
-804
-791
-780
-735
-727
-855
-967
-971
-1615
-811
-856
-886
-695
-785
-914
-1021
-1028
-970
-929
-907
-890
-901
-891
-845
-864
-912
-1444
-930
-858
-838
-1013
-1040
-1028
-934
-935
-999
-949
-936
-979
-950
-936
-1000
-983
-961
-1089
-1058
-951
-932
-921
-947
-904
-930
-981
-965
-1072
-1047
-992
-1084
-1096
-1061
-1022
-969
-977
-1019
-996
-1046
-1081
-1048
-978
-952
-986
-1018
-1026
-992
-958
-960
-998
-918
-902
-921
-949
-967
-952
-905
-877
-842
-848
-877
-859
-843
-758
-695
-749
-748
-713
-700
-672
-641
-640
-655
-665
-633
-588
-542
-510
-500
-515
-481
-480
-484
-497
-475
-422
-347
-375
-351
-339
-363
-334
-271
-232
-226
-189
-208
-210
-186
-204
-149
-125
-125
-120
-83
-41
-6
14
36
59
79
116
141
221
210
205
244
271
277
312
323
300
301
293
284
305
303
291
277
332
354
338
376
368
389
391
398
397
420
436
438
457
477
488
488
502
515
518
530
540
560
569
569
548
555
566
591
583
577
585
615
663
657
629
617
634
653
661
661
650
642
679
719
731
731
749
716
716
741
758
750
743
740
735
731
782
780
776
803
796
796
780
827
836
808
766
819
839
848
837
817
887
891
908
899
862
843
862
895
885
892
907
934
927
857
877
888
926
927
930
918
927
874
858
847
958
975
920
946
967
932
952
928
945
1009
953
949
956
897
901
1008
999
993
949
919
973
1065
977
946
908
937
992
1051
965
947
930
934
948
1017
1005
988
960
1010
939
975
914
928
989
976
998
1070
1068
965
933
936
949
943
941
940
928
989
957
1056
1065
1034
996
969
949
973
991
980
950
952
961
920
1049
993
957
912
948
942
964
990
1091
1050
1056
1050
1022
901
902
919
1032
1024
939
925
961
1013
1002
970
961
953
989
1011
1003
943
914
920
963
990
993
967
924
914
919
995
1039
1014
986
977
989
1015
1021
1011
989
977
951
989
984
979
980
943
912
909
951
995
1037
1027
978
954
968
960
957
961
976
1024
995
965
958
953
999
998
1019
1000
937
926
950
953
955
982
979
962
991
1031
995
1017
1085
985
964
944
887
818
810
907
951
947
1062
1126
1107
1114
1000
895
856
868
914
915
936
943
1067
1056
1038
1012
1039
1026
1028
925
949
960
961
1001
947
931
914
955
988
1000
1011
1021
958
950
993
982
955
960
945
954
990
984
978
947
984
1012
956
900
910
1000
1041
1021
1008
966
899
882
941
981
1013
981
966
956
957
968
970
959
1004
1012
974
947
919
935
978
966
928
924
959
955
983
1014
1005
967
963
960
937
905
899
926
958
957
958
958
970
1009
1008
984
1006
1003
986
978
968
978
971
967
992
981
985
983
1021
994
979
991
901
957
988
1020
1030
991
965
945
1010
1010
972
999
992
1009
991
997
950
938
924
964
1004
977
939
947
941
980
1024
1022
1004
993
994
945
943
964
973
968
987
970
980
967
1002
997
1008
1005
1003
973
998
1000
953
945
979
959
984
1029
1020
988
953
956
970
965
956
955
958
971
976
953
968
969
971
1002
980
1010
1028
1020
980
941
945
969
959
974
986
976
987
966
973
960
935
971
989
997
997
990
960
990
1052
982
1004
933
892
936
1009
1015
993
984
962
992
946
964
999
1022
999
997
982
976
957
971
990
990
971
961
956
976
992
982
973
983
988
988
982
960
949
990
949
1018
1060
1002
965
942
958
968
997
994
979
953
966
928
988
991
984
1007
984
937
968
1009
1000
985
975
956
976
994
1022
964
935
945
964
969
989
1011
1033
1034
1002
932
937
966
950
932
933
984
1023
1040
1034
1032
1039
1000
931
910
924
984
987
994
968
946
944
981
1000
994
955
971
1013
1041
1045
1020
950
907
897
930
966
955
963
1040
1066
1048
1026
996
953
962
1046
1035
953
881
886
947
975
979
903
962
992
1005
983
969
1020
1068
1036
968
953
941
961
995
1031
977
955
946
942
966
1011
1035
1030
933
928
931
925
1048
1027
945
937
1221
1074
916
951
1075
971
901
899
942
1010
1015
1036
975
962
953
956
950
982
999
970
1014
1000
974
969
958
944
953
978
988
980
1000
979
959
962
951
972
978
975
965
955
973
969
983
999
969
989
1010
847
1069
1102
1010
917
1004
1005
1007
982
949
948
956
977
974
975
992
989
977
972
960
981
998
1003
988
962
956
980
986
997
991
974
972
967
986
1004
945
967
992
1021
1011
992
982
976
970
966
959
977
979
984
988
964
946
982
1000
1016
968
949
978
1073
1007
949
919
926
953
952
968
871
1041
1038
1033
984
965
967
926
968
964
948
964
1000
1027
995
995
965
979
997
1003
978
964
983
997
963
975
997
975
967
931
998
995
990
963
978
995
977
966
946
945
994
989
1003
989
964
961
989
1021
1005
942
898
953
1013
1017
984
961
953
965
946
949
974
979
989
979
990
973
990
978
979
965
950
980
957
960
1002
978
972
993
989
982
992
966
962
969
995
984
996
990
980
993
980
963
972
983
965
958
968
992
972
967
956
969
987
977
970
967
970
975
977
990
988
977
968
963
963
1001
990
990
978
966
967
969
989
992
980
976
981
986
975
968
953
940
954
970
995
1006
988
970
967
956
967
980
962
973
999
976
981
983
968
981
984
989
969
970
934
968
1034
1039
976
965
958
939
950
1005
998
970
976
998
1020
1022
917
950
981
981
1070
948
934
901
958
958
1042
970
1018
1039
1041
975
921
914
965
982
975
990
947
962
996
995
992
971
951
937
976
982
971
994
992
1006
1028
998
929
915
949
1011
1006
964
951
960
957
964
968
946
933
931
919
973
1008
1051
988
966
914
949
918
1067
983
953
976
977
990
933
928
967
984
994
1003
943
948
936
933
937
947
942
953
962
999
1009
1066
1093
1049
949
811
857
917
1001
1048
977
900
882
957
1004
1042
1015
970
924
935
961
980
989
956
929
975
994
997
1027
1027
992
956
959
939
972
947
917
900
960
983
998
992
965
971
989
945
939
964
1010
1000
1003
952
942
940
937
940
964
979
1002
994
974
972
994
986
948
929
957
977
975
985
1010
974
988
1001
932
945
974
960
970
970
1040
1016
1011
984
969
942
943
1010
1022
1000
929
958
985
963
954
974
974
972
958
983
1051
1037
979
940
944
962
979
982
976
974
981
996
1012
1015
968
974
965
966
981
969
928
939
964
985
985
986
944
995
1002
1012
1021
1042
1005
957
942
940
949
942
935
956
996
987
969
1000
1016
1028
1029
1006
942
910
912
934
1014
1060
1039
975
957
959
966
950
957
944
937
921
914
951
992
1035
1038
1020
981
959
962
965
984
979
960
992
1003
987
969
926
934
945
971
987
1076
1060
930
959
944
928
998
1002
991
966
935
876
883
937
1039
1083
1051
1042
988
948
991
1083
1108
969
914
924
1009
948
918
906
917
978
1052
1012
984
940
979
942
935
996
1051
1029
1013
968
950
926
979
957
968
965
969
991
925
986
1018
1004
983
938
905
973
1037
1021
1012
1043
1009
927
897
948
1031
1034
1009
955
959
958
960
940
941
1052
1049
1001
981
954
943
968
1046
1020
981
972
893
894
932
1024
1076
1023
939
919
922
974
993
980
965
984
955
976
977
963
979
1000
1006
974
947
934
972
980
989
952
957
984
985
966
958
966
953
987
979
998
1014
988
986
979
973
963
964
979
967
1001
990
985
956
960
960
962
954
997
967
940
950
981
963
1011
975
963
976
987
975
987
989
950
962
991
997
995
979
968
960
963
977
975
974
979
1015
992
948
958
974
982
1010
981
971
966
982
988
993
969
943
963
984
1000
1004
994
995
1000
983
917
904
987
972
962
1065
1032
1000
950
931
940
951
972
985
983
964
949
930
911
935
969
959
940
971
1001
995
983
980
942
926
940
1092
1024
975
965
994
950
906
928
982
994
958
980
1068
1004
960
959
927
922
952
996
989
940
986
1000
975
948
922
1003
987
951
960
976
970
979
1012
1017
1001
1003
968
924
926
953
988
987
985
967
968
950
928
941
967
994
1008
981
974
934
940
962
991
1005
1002
989
956
957
969
986
999
978
957
942
975
966
970
924
916
966
1019
1006
986
938
936
966
985
1011
997
992
974
955
942
956
945
946
941
916
918
938
949
944
960
964
992
986
916
935
946
965
953
990
979
952
933
928
934
925
920
968
980
977
963
947
933
949
977
996
959
919
895
928
955
977
1027
947
898
911
934
952
947
952
944
900
910
977
944
925
916
947
946
923
931
940
966
938
940
967
981
1008
1002
929
873
920
950
941
932
939
943
923
922
941
951
952
900
885
922
910
925
941
963
934
969
923
926
943
925
984
910
922
888
939
912
950
943
932
950
992
982
984
952
960
910
920
958
977
980
968
939
922
949
1006
993
970
940
906
963
1001
984
975
939
923
937
997
989
986
957
940
957
959
988
989
980
992
978
979
965
965
948
936
938
954
925
943
920
939
951
963
960
1044
1054
979
925
907
886
936
1002
1005
968
940
958
964
958
958
968
959
986
985
953
954
1014
959
898
864
930
947
996
974
950
976
1009
990
993
988
935
961
993
995
971
939
936
956
1014
993
945
917
937
959
982
960
944
955
987
983
997
981
968
957
986
960
947
951
974
938
962
1035
938
925
950
990
971
1026
999
952
949
935
905
905
1092
1124
933
858
904
912
946
929
926
910
896
915
953
967
986
937
933
979
951
944
946
913
865
890
931
986
1017
970
930
927
965
987
975
983
999
966
976
960
945
961
941
920
928
965
960
962
938
930
966
1012
1038
1023
990
984
974
944
956
938
958
960
950
982
999
1042
1048
1009
996
985
962
940
925
976
972
980
985
979
919
971
977
967
940
947
940
966
988
989
997
998
967
962
1009
1018
1060
1005
964
940
954
925
950
996
985
978
1011
987
1019
987
961
963
957
953
972
976
952
950
1022
1013
1034
1040
1038
1010
953
926
887
884
879
898
910
952
1008
1174
1163
1135
1006
920
888
889
880
895
913
952
974
999
980
961
961
978
955
1055
1111
974
944
895
880
1032
1206
1042
926
930
948
885
1039
1025
897
962
1000
951
889
911
954
1060
994
938
922
1023
1015
982
1022
997
973
940
956
958
995
985
947
1018
928
955
987
973
943
973
981
1000
1030
1014
967
952
969
994
1034
1021
963
998
959
947
937
970
1007
1047
1026
961
948
965
945
996
957
941
930
922
839
1019
1028
1019
979
910
948
996
995
929
902
911
913
924
993
968
944
929
932
883
865
874
936
936
948
914
867
892
859
822
811
806
765
741
760
774
747
673
667
760
752
797
777
704
632
692
695
684
603
584
589
581
593
559
539
568
616
520
452
430
517
518
494
461
462
423
505
500
425
415
319
404
460
357
308
281
257
326
373
273
234
256
277
293
301
307
247
197
220
241
235
207
167
171
190
188
170
148
119
129
142
120
100
90
77
108
114
81
47
40
82
78
57
24
-24
-19
-26
-8
7
-21
-29
-28
-58
-40
-37
-35
-67
-100
-152
-126
-76
-33
-21
-83
-244
-215
-211
-228
-214
-281
-416
-508
-534
-550
-463
-455
-420
-478
-546
-533
-499
-496
-487
-495
-495
-511
-535
-493
-505
-520
-625
-633
-634
-624
-612
-635
-629
-648
-670
-708
-740
-713
-681
-699
-721
-721
-697
-770
-724
-724
-714
-701
-800
-811
-816
-791
-760
-744
-814
-887
-878
-864
-854
-822
-852
-905
-916
-916
-911
-931
-929
-910
-918
-917
-929
-998
-1019
-969
-932
-896
-952
-1042
-997
-959
-947
-987
-1033
-947
-956
-1039
-1050
-984
-971
-981
-998
-1017
-997
-968
-971
-1029
-1083
-1077
-1015
-1001
-975
-1011
-1065
-1011
-979
-989
-1006
-967
-1001
-1023
-994
-979
-989
-962
-923
-962
-1034
-951
-971
-985
-1007
-1008
-933
-863
-955
-929
-913
-943
-867
-927
-907
-903
-893
-880
-862
-866
-926
-911
-869
-831
-883
-827
-789
-832
-807
-790
-677
-766
-838
-716
-715
-745
-761
-733
-707
-683
-631
-635
-646
-641
-671
-634
-625
-614
-583
-592
-541
-590
-570
-571
-565
-536
-518
-533
-566
-559
-541
-552
-479
-535
-551
-533
-562
-560
-547
-545
-543
-581
-526
-493
-521
-542
-541
-549
-530
-520
-531
-523
-510
-500
-515
-539
-613
-594
-629
-627
-632
-611
-638
-689
-723
-714
-727
-742
-797
-809
-831
-843
-829
-820
-839
-844
-897
-876
-869
-889
-924
-964
-974
-957
-937
-940
-968
-996
-1030
-1007
-985
-1028
-1012
-1017
-1055
-1039
-968
-939
-991
-1015
-1054
-1029
-1018
-926
-941
-988
-996
-1005
-999
-905
-878
-950
-1000
-1012
-1008
-958
-871
-932
-928
-883
-776
-726
-733
-732
-689
-843
-755
-702
-684
-639
-633
-661
-654
-648
-562
-467
-436
-393
-383
-386
-379
-358
-285
-216
-219
-273
-263
-281
-283
-250
-180
-157
-153
-191
-114
-27
-19
-18
11
26
65
101
147
199
244
261
289
306
371
457
567
623
589
524
532
625
700
773
882
1035
794
839
660
578
645
772
921
910
861
758
901
1074
866
877
871
883
1045
976
1015
978
914
959
948
970
1000
878
936
1075
1055
1098
937
970
969
1036
1038
1000
904
944
1027
1056
1094
926
927
989
1024
1011
998
938
902
840
777
764
891
986
976
881
800
839
925
967
963
926
888
861
845
889
902
919
934
893
828
754
760
886
936
925
815
703
709
759
800
851
902
922
877
813
754
730
730
789
780
821
826
809
779
753
719
701
692
718
667
669
647
689
728
740
706
650
589
572
572
523
532
554
513
470
482
445
456
493
516
491
479
463
426
417
384
319
294
311
326
349
385
390
416
426
438
456
456
409
368
361
330
388
481
489
488
470
415
368
180
386
458
524
462
388
487
362
341
374
513
469
421
298
332
335
355
329
230
107
141
187
118
43
152
163
198
171
67
12
73
143
47
-57
-167
-175
-135
-241
-128
-98
-384
-247
-262
-312
-370
-435
-404
-456
-449
-385
-459
-529
-482
-519
-426
-448
-717
-614
-540
-552
-571
-702
-658
-665
-754
-931
-873
-810
-796
-754
-801
-860
-894
-873
-886
-846
-826
-805
-854
-906
-1014
-990
-963
-934
-923
-924
-1030
-1029
-1012
-972
-958
-952
-980
-959
-975
-1000
-1011
-991
-988
-1002
-1014
-1072
-1029
-1089
-1096
-1015
-999
-1020
-963
-926
-936
-931
-968
-957
-912
-991
-943
-918
-932
-857
-845
-885
-881
-852
-770
-834
-801
-785
-746
-752
-689
-739
-678
-650
-658
-672
-663
-667
-615
-543
-539
-546
-517
-493
-510
-503
-507
-492
-522
-501
-477
-493
-492
-522
-520
-531
-473
-366
-355
-319
-375
-326
-314
-289
-267
-264
-274
-257
-199
-185
-181
-139
-164
-157
-132
-109
-118
-180
-28
-46
-15
-35
-13
-4
26
52
79
145
182
83
84
143
185
191
153
151
211
239
228
261
354
445
333
354
343
397
448
454
465
489
476
529
611
691
698
722
754
670
653
645
628
692
669
757
1348
1196
927
742
775
916
936
918
940
835
766
813
925
933
946
948
947
949
933
967
1010
924
881
945
1028
1026
981
957
938
967
1025
1045
994
980
973
971
966
949
944
925
951
971
900
921
928
945
904
921
944
916
884
880
847
799
809
817
846
824
824
763
784
784
774
769
731
713
724
724
719
613
721
614
559
548
586
567
513
508
499
411
518
458
421
441
647
293
290
305
295
272
351
328
286
186
208
155
185
135
120
110
103
114
37
2
16
21
-5
-40
-30
2
-67
-114
-81
-64
-59
-85
-182
-214
-161
-224
-232
-231
-299
-295
-297
-294
-298
-277
-284
-307
-314
-276
-350
-374
-343
-403
-421
-416
-372
-369
-338
-327
-369
-322
-296
-311
-198
-99
-102
-143
-78
-8
142
123
86
97
121
101
143
237
297
298
314
340
364
393
428
494
531
509
505
543
556
604
622
638
669
716
749
746
767
774
786
847
909
926
924
906
887
869
922
901
926
1003
959
946
935
948
972
982
1037
1051
918
928
944
980
997
1012
1001
961
975
929
1013
1013
979
986
987
924
903
967
987
993
966
972
976
960
1018
999
1029
1036
1012
988
1008
962
932
957
963
959
952
993
1028
1005
964
954
968
985
972
970
960
930
955
978
984
1010
1002
992
998
1002
988
981
947
975
948
959
951
990
1002
1007
985
960
924
939
1134
1087
1037
976
887
911
939
980
1003
974
938
934
947
959
1006
1012
983
995
978
954
983
1007
1020
983
966
953
940
945
974
983
1000
1023
1010
1006
1017
974
967
955
951
968
953
1009
1014
977
943
940
950
966
1000
1049
1015
1007
937
945
989
1035
1000
952
935
912
957
971
984
997
977
1001
1000
959
946
931
986
989
956
947
926
940
967
982
984
971
951
942
960
987
1020
998
967
941
946
940
952
961
955
961
997
1041
1005
970
936
972
978
1019
1001
977
1019
1002
923
912
887
831
878
1006
1065
1045
1012
994
983
977
956
924
951
940
1009
982
968
953
977
946
952
957
947
952
971
972
945
932
938
970
976
989
989
1000
951
999
973
959
983
978
918
867
985
984
990
1029
1030
978
957
1010
995
969
1022
961
869
860
969
1026
1014
971
986
966
961
954
976
969
957
984
961
958
962
965
994
993
979
965
979
1009
972
960
940
962
984
989
971
965
969
977
981
971
1000
1004
979
984
939
900
914
967
985
960
968
986
941
939
971
991
1007
992
982
985
990
973
960
973
968
974
990
1010
946
923
943
955
971
1018
1043
1015
962
931
920
954
961
958
954
990
1012
1018
932
939
975
984
1030
1020
977
955
928
950
947
949
976
980
991
1009
1012
988
958
961
963
960
957
947
964
998
1004
999
977
963
978
967
966
975
996
996
986
952
940
976
963
990
1010
1032
1021
1023
975
953
948
957
974
977
980
973
991
994
1010
977
991
964
973
973
954
1040
950
959
970
932
939
1025
1061
1000
890
855
902
1096
1046
990
1022
972
1000
986
978
978
978
980
994
991
939
939
971
1002
1000
992
948
933
977
992
1009
981
946
968
1004
997
999
987
950
976
999
991
980
964
976
969
973
962
988
959
964
955
975
996
980
972
981
995
981
987
1008
982
969
964
961
978
998
1001
967
963
968
964
980
985
975
978
986
994
957
980
997
985
982
1000
994
972
951
917
969
997
995
975
962
947
993
1003
982
955
1004
995
1048
1015
942
943
954
975
1001
987
975
925
1012
968
965
970
916
972
971
945
983
1014
991
1006
1013
971
980
1019
987
1001
1010
1034
1028
937
941
927
941
957
960
976
979
948
931
958
1017
998
989
996
969
994
1052
1047
1023
955
984
911
907
901
912
967
1024
1016
1038
1042
1011
998
953
917
921
969
989
986
969
1005
1001
1001
1022
991
957
934
957
982
975
989
999
988
976
989
976
959
937
981
1000
994
984
980
992
969
963
986
990
973
946
931
940
960
973
1005
1010
983
980
957
965
975
980
985
1014
977
986
969
964
956
990
1005
983
978
974
966
979
986
988
996
987
982
980
977
982
978
981
966
960
981
978
988
991
987
980
974
971
979
987
1006
995
966
950
942
947
993
986
980
977
970
977
978
962
970
981
991
980
971
997
998
979
950
952
963
981
973
966
979
981
985
991
967
950
953
958
965
963
965
983
996
985
975
954
968
962
972
949
953
972
975
969
965
943
955
977
965
974
956
954
976
966
960
972
957
966
967
970
976
981
968
960
963
960
970
980
966
982
968
972
973
965
952
954
966
969
965
969
968
970
972
975
961
955
948
959
956
973
968
957
970
973
967
961
988
972
955
966
959
940
932
951
973
983
1005
994
974
956
903
917
957
925
888
880
877
858
874
937
956
959
939
911
879
889
951
897
852
845
843
844
841
824
810
802
794
771
772
790
737
710
704
670
666
670
712
701
715
701
722
735
689
690
666
642
660
681
656
633
630
635
648
645
641
627
585
566
547
562
560
553
525
495
498
491
476
435
415
414
418
389
347
340
325
303
322
329
310
266
271
264
276
238
220
196
181
157
194
114
62
46
88
84
54
57
40
35
62
30
16
6
8
-13
-35
-69
-85
-90
-110
-141
-130
-159
-186
-193
-188
-208
-219
-220
-238
-262
-286
-306
-322
-352
-367
-364
-392
-443
-432
-417
-455
-453
-439
-451
-490
-501
-511
-505
-495
-484
-504
-535
-555
-533
-530
-577
-592
-619
-631
-636
-656
-647
-664
-687
-685
-684
-699
-712
-731
-713
-750
-754
-755
-758
-750
-767
-770
-773
-799
-768
-767
-776
-792
-775
-809
-817
-814
-834
-858
-843
-850
-875
-876
-898
-893
-879
-892
-882
-873
-921
-929
-956
-988
-957
-968
-906
-920
-898
-931
-968
-981
-989
-975
-965
-979
-1011
-989
-972
-1000
-999
-1016
-1018
-992
-968
-992
-1248
-1033
-1013
-990
-982
-1008
-1025
-1016
-997
-1112
-1071
-922
-921
-885
-896
-965
-1016
-1057
-1047
-1024
-1010
-1014
-1041
-1045
-1047
-1031
-1005
-978
-992
-915
-927
-972
-991
-1038
-1033
-1008
-958
-989
-1031
-1029
-1034
-964
-901
-885
-923
-940
-906
-944
-921
-908
-862
-764
-706
-659
-578
-678
-734
-685
-684
-636
-569
-550
-563
-519
-445
-404
-388
-353
-360
-332
-193
-65
-226
-206
-146
-218
-110
-57
9
-39
-66
-19
46
132
86
89
142
176
225
243
229
261
282
292
323
375
434
402
368
453
473
452
441
479
474
499
527
521
550
613
580
582
622
634
655
652
588
634
637
649
675
690
612
560
595
676
653
608
573
607
677
741
746
796
686
746
847
803
756
771
779
746
702
705
1235
1056
1003
847
801
789
868
983
1103
1162
972
840
719
878
940
887
888
994
1127
1169
1100
1000
930
921
940
952
991
1013
964
942
874
864
883
908
898
901
915
957
1001
1052
975
935
985
958
964
1004
966
919
922
872
922
873
825
848
866
901
951
993
947
942
929
930
895
870
916
949
886
813
922
976
1008
880
924
1002
1018
941
849
845
899
966
855
822
837
960
1015
936
883
900
758
843
807
887
891
926
896
831
734
749
822
848
905
761
760
757
793
723
741
741
690
623
678
673
710
717
584
552
590
618
674
690
682
646
635
618
640
618
664
695
667
662
639
591
592
585
608
680
688
657
675
665
636
595
561
569
527
549
555
529
533
486
512
552
518
530
565
473
481
432
412
430
439
428
467
422
422
430
416
380
359
356
290
317
458
443
352
533
-254
126
158
285
303
389
342
326
315
279
-843
244
403
284
517
425
327
198
246
281
285
242
286
159
169
264
266
240
198
172
163
156
142
248
191
202
267
297
293
302
322
326
410
443
489
515
554
592
631
659
706
739
756
762
752
803
860
843
834
845
863
855
871
878
895
941
944
910
911
913
868
983
997
1117
934
900
889
894
902
949
915
908
947
969
1017
991
918
909
952
1012
1044
1005
966
911
976
989
958
940
954
946
938
960
1005
973
943
929
947
990
947
925
962
967
956
938
974
1010
1020
995
984
945
930
960
992
1005
993
1005
975
969
993
999
971
963
942
940
951
970
979
997
991
981
975
939
942
947
989
1031
1017
989
969
985
976
952
968
991
936
946
986
1019
999
973
982
952
976
984
982
937
937
950
1010
1003
973
954
993
971
961
972
982
990
989
947
943
966
994
975
965
974
981
967
967
940
931
943
956
996
1006
959
955
975
980
949
971
978
1011
1024
1024
898
910
942
928
991
982
989
971
940
916
966
1022
996
975
951
949
984
981
982
1003
986
963
950
893
897
933
950
972
1015
1010
994
1001
1013
1003
967
939
984
959
941
933
968
972
949
954
950
913
958
1048
1066
1026
958
934
945
970
1012
1033
984
921
927
1031
1008
1004
994
955
871
915
978
1005
990
950
916
954
995
1055
1052
1007
966
940
913
925
950
949
957
964
969
973
1003
996
974
963
991
944
966
984
986
1016
1010
1002
913
888
922
973
999
986
975
947
993
998
962
936
896
877
1086
1065
1067
1004
944
930
918
847
840
892
972
1029
1038
1069
1047
1025
1002
949
958
957
954
956
967
962
948
952
970
995
989
1000
974
974
1035
1035
1007
966
954
971
969
940
930
922
932
1009
1069
1074
1031
999
960
919
921
915
924
930
984
1022
1020
1032
1036
1016
996
964
935
949
976
994
972
951
1037
1038
941
987
1024
975
926
901
916
1003
1020
978
943
958
931
994
965
913
980
1011
1058
1009
1021
1041
982
945
975
963
963
984
975
998
989
999
946
950
979
1009
1011
1016
1023
980
966
1011
974
957
947
938
995
955
963
1015
1021
994
920
911
996
979
941
992
1020
987
968
976
981
979
984
974
973
968
988
972
968
978
953
997
1015
1015
996
991
944
910
967
954
996
979
924
962
993
985
980
1008
986
992
990
997
944
946
947
952
957
937
953
1006
1017
981
966
965
981
975
986
978
956
959
971
990
959
965
1028
1013
962
935
958
987
1004
979
950
964
1036
1005
989
985
915
957
1014
986
972
949
949
995
944
938
973
1015
968
960
1001
1006
960
944
984
969
959
972
1004
1008
1047
1018
974
959
895
991
1028
980
950
978
991
963
984
958
968
964
946
973
983
984
981
982
963
972
936
972
994
985
974
1012
987
971
939
941
958
970
1000
1007
962
946
960
958
974
984
996
976
951
969
987
979
973
973
971
980
954
961
967
978
966
965
958
980
971
945
971
979
1002
981
970
970
957
954
964
958
988
978
988
953
943
951
940
951
975
979
993
990
966
945
939
959
965
989
970
964
967
978
995
963
941
947
986
943
972
975
960
946
1033
1008
978
941
918
959
986
965
956
950
959
958
979
984
1002
973
970
959
953
953
966
980
986
973
957
961
949
952
961
954
957
988
984
980
993
975
972
960
965
1007
954
961
970
959
1017
1008
994
917
935
950
957
996
968
949
987
972
906
939
942
979
994
984
996
982
1029
1005
947
946
925
909
969
1040
1087
976
981
940
903
903
980
1052
1026
996
1012
959
893
987
964
1019
1003
968
937
909
879
966
984
1008
1017
949
947
952
961
985
991
985
985
1029
1030
1000
1115
1124
895
867
1052
993
919
887
874
902
956
1014
1061
988
999
1033
943
916
1002
1023
1029
990
832
927
937
993
970
950
962
938
878
875
995
1025
982
891
893
895
947
928
883
828
792
788
809
829
897
854
800
737
722
735
721
670
736
637
672
647
678
621
560
459
473
440
466
452
414
348
314
290
304
294
280
238
221
193
188
129
141
115
65
50
10
-21
-37
-73
-86
-82
-75
43
-151
-187
-198
-216
-190
-258
-276
-264
-257
-281
-275
-269
-291
-322
-340
-398
-381
-402
-430
-479
-499
-506
-514
-550
-564
-627
-628
-696
-651
-681
-709
-721
-836
-827
-735
-765
-845
-966
-934
-918
-860
-868
-874
-907
-961
-940
-901
-867
-942
-1003
-974
-995
-968
-929
-898
-992
-1083
-1061
-1011
-1054
-998
-1038
-958
-992
-1029
-1056
-1039
-1025
-967
-975
-970
-978
-1007
-996
-965
-1001
-939
-982
-1048
-978
-940
-997
-943
-818
-828
-896
-909
-861
-792
-762
-800
-849
-823
-715
-844
-863
-781
-723
-699
-683
-672
-667
-690
-644
-612
-729
-654
-609
-616
-570
-562
-567
-584
-541
-534
-515
-511
-490
-481
-376
-439
-380
-341
-276
-308
-271
-274
-218
-84
-241
-192
-182
-120
-88
-87
-157
-111
-98
-66
-4
-24
-52
-42
-12
-1
36
15
-1
21
135
103
134
103
105
203
225
244
300
244
188
274
365
383
374
352
414
502
542
596
574
523
481
520
554
569
545
554
542
624
647
683
729
700
669
660
675
692
694
697
676
732
777
738
694
702
674
675
763
826
801
749
806
835
806
808
845
867
890
932
933
889
859
859
901
926
971
956
954
937
990
950
917
899
912
934
927
972
971
954
915
840
836
868
916
927
924
916
917
937
974
989
981
936
941
965
933
880
931
980
990
1001
1004
1003
917
914
982
986
914
867
877
876
892
926
960
993
984
971
979
1006
1013
1017
1007
985
952
938
938
964
996
967
938
1008
1064
1069
1014
946
883
840
823
844
860
909
1022
1114
1093
1035
1008
995
995
987
934
914
905
903
924
924
936
964
991
988
973
964
983
1022
1004
1017
1031
999
1017
950
986
1007
1015
1038
1067
1040
968
928
875
899
921
955
989
995
1048
1032
1002
924
884
889
894
966
1029
1068
1043
1019
1022
1028
1037
1032
1005
965
927
907
910
934
953
957
1121
1055
938
928
995
996
915
918
955
885
1038
954
1007
997
989
978
1004
1031
989
961
935
954
949
964
981
977
983
1009
1011
1011
1019
997
951
953
956
996
977
968
982
962
951
1019
975
970
937
956
1006
958
986
955
984
967
970
977
992
998
984
1008
989
971
1004
998
965
984
956
946
962
959
967
966
1001
1014
989
968
953
921
958
1015
999
994
959
961
939
970
1040
1020
958
975
991
983
965
1009
1000
948
933
915
950
1017
983
977
981
956
983
1006
1002
987
968
962
969
972
992
990
965
973
966
965
991
974
971
984
958
1009
1016
953
951
971
959
978
957
980
979
993
1012
998
993
1001
955
945
944
997
1011
1014
1009
984
975
921
900
913
919
969
995
979
919
953
945
993
1103
1052
983
942
926
965
999
971
1013
1026
954
882
936
994
1025
1035
1006
914
892
1005
1083
1107
1069
904
841
780
910
1043
1051
1038
997
987
988
990
1064
1034
981
928
886
927
961
958
921
920
995
1038
1070
1028
927
1162
1027
943
951
872
865
845
861
952
972
962
986
1011
1084
1146
1002
965
868
895
1056
1060
1071
1035
974
995
995
972
844
956
955
993
1020
984
956
974
984
948
1032
1058
1039
1007
1008
966
952
941
885
843
843
888
928
972
1012
1018
1014
980
962
967
999
1034
1014
981
965
1036
1129
1089
1018
899
768
763
919
1123
1233
1098
978
975
931
870
847
938
1053
1054
974
942
950
937
956
971
960
972
997
1022
1035
1030
989
966
1003
974
976
967
977
959
950
942
949
970
1009
1049
1048
1013
964
962
939
920
949
959
1005
978
985
989
1031
992
943
949
940
959
973
996
1001
1003
998
977
1010
1012
960
943
969
996
1069
1027
987
976
920
914
888
977
964
1000
1016
1011
959
948
946
963
1025
975
988
970
944
966
980
1028
1020
996
1024
994
924
960
984
1017
1018
986
938
923
963
974
964
945
948
1015
969
975
948
979
1002
1034
979
958
995
1003
977
965
978
1004
1049
1057
1020
1009
956
926
925
914
906
925
987
999
963
966
981
967
957
962
989
1008
990
965
954
951
1013
957
964
986
1000
986
1008
1036
1021
1002
969
955
935
991
985
930
962
987
1021
1047
1150
989
907
907
892
871
945
989
939
977
956
907
968
1067
1048
901
1003
979
1003
1018
971
920
944
965
991
985
1038
1030
959
979
963
942
1010
1038
1014
923
997
976
949
957
1018
958
937
924
965
991
1031
1017
986
967
986
1003
1033
1027
1091
998
943
934
917
948
987
980
905
881
910
997
1030
978
1005
998
1033
1081
1051
991
906
851
853
942
989
999
1026
1020
1021
982
978
963
938
958
1013
1028
1007
903
848
916
1028
1048
1029
987
921
903
916
926
908
912
940
980
1010
1004
992
956
968
1014
969
875
854
939
969
992
1022
1045
977
905
966
966
921
831
874
1010
984
955
1007
1031
997
938
952
920
982
922
935
959
990
938
975
979
1002
977
960
959
941
958
1019
1036
986
936
964
1028
1084
1048
854
855
909
920
930
945
1041
1156
1150
995
932
908
1011
1016
1092
1047
956
866
932
828
801
1049
969
1047
1098
1081
1007
994
969
949
922
888
945
956
981
1007
1062
1031
954
917
953
991
1000
978
984
1009
987
979
961
920
986
1018
1044
979
928
949
921
952
1013
990
975
946
951
948
985
1018
941
967
997
995
977
952
927
956
999
1018
981
986
992
999
968
938
920
905
940
963
952
933
962
960
946
1041
1003
1013
959
930
963
998
980
975
1008
943
934
934
889
902
931
965
1008
1006
1009
958
976
977
997
955
927
956
974
952
960
969
989
913
835
818
890
984
1021
963
890
854
848
886
910
873
827
905
940
867
837
841
792
759
727
793
746
725
779
787
771
714
696
705
724
670
624
674
675
630
659
661
663
638
592
570
587
596
591
688
623
573
538
570
488
459
447
438
396
382
414
373
398
347
325
314
281
272
285
207
239
232
219
201
191
169
158
196
199
126
94
17
-18
-3
-8
-18
-25
6
20
-11
-85
-115
-96
-74
-121
-135
-169
-201
-197
-236
-295
-363
-379
-437
-427
-428
-431
-458
-475
-482
-501
-547
-577
-637
-748
-721
-796
-842
-803
-746
-787
-875
-850
-803
-892
-976
-948
-971
-970
-912
-851
-796
-832
-880
-860
-898
-939
-957
-950
-956
-930
-924
-966
-930
-938
-891
-925
-898
-910
-947
-920
-952
-1090
-1011
-874
-995
-980
-944
-924
-942
-883
-909
-989
-958
-964
-971
-981
-1011
-1084
-1076
-1039
-991
-986
-978
-956
-1009
-1000
-1025
-1034
-1061
-1032
-1028
-1021
-1018
-971
-971
-968
-938
-970
-987
-1012
-1072
-1071
-998
-928
-916
-1024
-1124
-1023
-938
-929
-1124
-1220
-1041
-903
-841
-797
-760
-1032
-929
-920
-962
-929
-900
-897
-897
-917
-861
-951
-876
-881
-889
-856
-837
-749
-892
-866
-876
-867
-836
-817
-829
-729
-755
-767
-691
-647
-683
-724
-704
-679
-650
-616
-618
-655
-625
-593
-603
-571
-551
-589
-537
-492
-472
-426
-452
-464
-467
-468
-421
-384
-379
-383
-379
-390
-367
-341
-319
-333
-300
-359
-290
-267
-244
-154
-93
-148
-148
-102
-58
11
3
-15
-8
7
45
95
75
29
83
111
157
138
182
180
209
316
350
317
343
341
380
408
401
419
438
450
504
623
569
461
619
846
995
1028
1061
977
913
854
879
901
926
951
932
945
947
958
964
939
925
919
983
1038
977
971
933
889
895
923
999
1138
1064
983
907
894
880
871
936
990
1135
921
993
1044
1015
1018
958
951
945
923
936
958
988
937
907
919
944
991
988
932
897
926
960
962
938
943
947
950
967
967
926
943
971
1002
956
923
971
988
1000
1000
990
976
953
926
910
903
910
926
950
967
981
949
931
970
999
1040
1018
980
959
963
969
960
947
950
971
980
980
969
959
941
802
934
1064
1047
924
940
929
972
1022
1048
1082
1078
893
919
957
947
965
999
966
1110
1392
-1430
894
1090
1266
1268
956
740
789
841
888
932
994
1127
1211
1038
932
938
962
947
970
1026
981
921
911
917
999
1009
997
937
936
979
979
989
885
910
984
1075
1056
1027
977
933
953
968
987
1011
1031
1040
973
876
950
985
1021
970
977
982
915
993
1022
977
961
980
979
989
1014
1059
1047
961
878
958
1005
901
939
940
940
991
1026
1027
1016
996
966
971
972
994
1010
1001
968
939
927
956
999
1029
1039
1014
962
937
937
948
995
1018
1011
995
1045
981
923
951
902
1031
1003
1003
1028
956
960
981
991
1008
972
978
968
980
1001
980
968
929
914
933
943
976
1021
1021
955
949
940
947
953
973
977
963
940
956
972
961
943
964
979
960
946
969
994
983
969
1001
990
1001
970
950
938
936
950
964
947
956
979
991
996
1008
982
992
994
961
952
933
945
956
970
981
1007
991
1008
975
953
965
914
957
986
949
963
984
998
1012
979
966
962
955
917
924
893
907
987
1011
1002
995
1000
964
981
1033
1041
975
956
942
986
1006
1032
1026
996
949
958
942
987
1003
954
950
985
997
988
979
947
954
949
978
1009
991
951
946
980
993
986
969
968
971
1003
1003
987
986
991
990
986
976
966
958
960
972
964
990
960
981
993
977
980
1017
1007
979
944
939
946
956
987
983
965
955
989
1010
1015
994
980
955
974
998
1007
997
994
970
942
958
968
973
979
989
993
965
950
978
968
969
971
982
969
944
960
987
978
965
971
979
969
942
951
974
984
1007
1011
977
980
1007
1013
996
961
957
959
955
941
930
947
972
1013
996
948
950
954
962
981
1020
1002
985
959
974
953
965
999
981
971
979
970
947
976
1027
1009
992
985
983
964
997
1006
1004
951
940
940
942
945
969
955
915
975
978
960
945
1000
1010
1004
960
938
1000
1030
1027
979
942
963
987
975
956
965
960
957
977
970
997
981
959
939
943
946
1003
1034
1020
1020
969
927
950
956
1003
990
999
996
966
942
962
1000
986
976
972
972
958
987
1003
979
979
957
1036
1019
1030
1023
993
955
918
923
928
952
958
966
970
987
992
997
989
963
969
972
956
951
972
971
968
965
978
957
1007
1026
1036
1013
973
929
913
934
968
1053
1062
1020
963
995
1000
957
920
938
973
954
948
925
896
909
974
979
937
950
960
994
1039
1006
970
932
900
925
909
814
1054
1129
1181
1001
931
937
945
899
891
892
882
962
1094
1052
1048
993
914
865
896
895
997
1037
1007
1010
993
1006
979
967
961
1036
982
999
1013
974
986
962
907
889
824
997
1264
1177
989
895
863
870
965
1082
999
937
940
940
972
993
1011
993
981
985
976
992
1004
973
951
964
974
1001
1032
976
972
942
966
958
987
993
990
995
981
910
940
1012
1023
1044
1037
968
952
949
970
980
982
976
985
1002
990
990
970
967
993
1015
987
956
965
966
986
978
946
953
968
1038
1067
992
772
923
989
942
980
1063
961
996
996
983
968
973
976
978
960
949
954
985
990
988
984
980
1006
1007
986
985
962
962
966
972
945
951
984
971
980
943
929
953
966
986
1009
991
970
971
969
949
961
963
965
953
963
956
944
953
962
971
974
954
960
948
960
1002
990
976
952
945
962
996
1001
982
972
932
945
959
984
974
980
981
960
963
969
999
995
902
996
960
984
998
975
965
947
956
973
1006
971
920
1015
1008
929
959
973
994
1000
977
953
954
978
979
965
955
964
975
985
1003
994
973
980
1002
984
1002
982
997
988
1018
1005
988
939
959
976
991
1010
988
943
1005
924
938
954
980
990
930
949
919
908
923
890
914
919
902
911
842
873
884
847
859
847
803
823
819
821
805
818
807
788
781
774
743
753
778
784
719
668
700
735
767
765
744
724
691
696
710
705
682
693
707
694
698
702
654
620
633
622
606
599
605
592
585
607
596
550
520
515
514
540
525
477
532
517
458
467
490
475
438
438
437
396
375
381
368
380
360
376
361
352
349
360
369
375
381
388
365
418
404
437
434
414
395
432
392
384
389
333
346
351
374
359
376
361
337
314
339
366
311
291
281
351
318
302
295
261
294
289
248
258
243
235
257
217
217
222
201
132
124
167
191
177
122
74
73
51
32
32
8
-1
-2
-30
-24
-15
-10
-33
-47
-59
-60
-47
-56
-89
-125
-140
-102
-104
-99
-146
-190
-229
-256
-266
-332
-370
-375
-388
-413
-504
-579
-503
-428
-469
-535
-660
-682
-590
-543
-550
-643
-706
-680
-630
-645
-680
-726
-676
-689
-718
-768
-685
-777
-695
-791
-956
-912
-775
-797
-886
-913
-873
-913
-783
-857
-894
-927
-900
-848
-870
-883
-914
-918
-961
-941
-949
-919
-934
-962
-985
-963
-973
-947
-958
-951
-951
-969
-1010
-1027
-1035
-979
-1020
-991
-995
-1034
-960
-990
-990
-1055
-1081
-1065
-982
-988
-987
-986
-972
-964
-1009
-1002
-965
-983
-991
-968
-962
-943
-967
-1017
-1013
-975
-932
-935
-941
-957
-928
-906
-926
-991
-1002
-978
-974
-931
-947
-966
-992
-966
-949
-961
-993
-968
-940
-948
-990
-938
-945
-935
-959
-933
-966
-997
-968
-934
-918
-920
-964
-972
-958
-934
-943
-960
-1005
-975
-910
-905
-987
-1007
-952
-948
-961
-988
-1004
-980
-950
-986
-1002
-965
-929
-933
-953
-975
-978
-904
-928
-938
-882
-924
-943
-928
-924
-897
-908
-938
-907
-863
-881
-938
-910
-847
-858
-848
-874
-838
-802
-788
-784
-761
-742
-739
-721
-725
-738
-726
-726
-704
-685
-670
-682
-697
-675
-627
-610
-622
-590
-589
-577
-567
-580
-549
-493
-508
-488
-470
-487
-430
-406
-432
-416
-420
-475
-461
-354
-347
-405
-302
-313
-342
-509
-435
-289
-279
-299
-290
-400
-263
-289
-247
-263
-290
-305
-264
-323
-211
-176
-221
-275
-216
-196
-123
-231
-209
-209
-92
-19
-22
-114
-152
-122
-70
0
-58
-109
-108
-75
-86
-90
-50
18
-18
12
-44
-58
1
30
86
4
2
-9
44
50
98
41
33
9
76
103
195
248
248
235
195
280
276
282
329
265
273
241
344
290
314
338
316
339
366
366
399
408
415
454
451
501
515
565
589
651
594
559
552
576
583
603
605
620
640
729
805
837
884
866
918
828
812
806
705
677
724
1067
937
829
842
909
951
917
883
796
811
852
874
900
893
928
935
877
871
887
917
1006
1051
901
909
882
841
821
839
877
913
933
942
934
939
936
924
920
671
1009
1013
925
903
857
819
854
923
927
924
842
804
882
915
941
981
850
811
719
812
884
905
940
828
956
1060
976
804
814
889
930
904
841
864
827
821
852
910
984
988
932
875
884
1028
918
905
808
829
906
944
834
837
894
886
859
900
911
875
935
1017
960
831
782
851
1033
1018
913
818
771
738
751
804
845
872
922
925
920
903
876
849
823
813
823
866
887
891
902
906
883
849
848
852
868
881
870
884
890
891
894
886
870
850
851
868
883
884
892
893
870
845
808
794
786
838
891
935
959
980
936
879
841
856
899
905
900
895
897
903
881
892
867
854
892
872
815
787
759
744
814
795
896
941
940
919
894
865
826
811
810
851
838
832
825
818
809
776
779
770
821
828
821
811
789
767
746
686
687
722
699
706
707
724
746
698
677
656
663
653
635
643
647
665
681
676
644
619
645
663
640
581
588
554
559
569
595
530
473
509
672
665
622
592
687
533
482
441
424
427
439
425
453
492
471
436
460
395
311
411
412
525
391
387
300
116
24
90
183
225
260
299
289
268
221
165
130
110
102
109
109
117
72
59
114
25
1
27
-151
-151
-85
-9
-59
-86
-205
-317
-312
-243
-204
-188
-203
-273
-344
-393
-397
-411
-409
-472
-521
-529
-560
-519
-458
-434
-477
-537
-648
-706
-787
-829
-930
-885
-852
-728
-684
-687
-693
-726
-855
-920
-954
-934
-921
-956
-952
-938
-933
-943
-940
-897
-842
-834
-855
-890
-928
-956
-975
-1437
-1271
-1002
-997
-947
-893
-884
-821
-834
-929
-1109
-1060
-944
-884
-943
-898
-870
-942
-898
-913
-1005
-988
-909
-877
-864
-976
-1000
-1017
-1055
-1000
-868
-863
-884
-948
-867
-775
-819
-841
-807
-789
-857
-823
-726
-547
-528
-614
-710
-782
-768
-739
-729
-697
-692
-711
-726
-705
-585
-537
-531
-609
-675
-654
-578
-552
-521
-456
-433
-432
-439
-397
-321
-305
-307
-295
-257
-235
-180
-187
-173
-122
-123
-159
-177
-138
-59
-42
-64
49
7
11
6
-20
100
119
-6
16
68
168
134
33
-14
76
203
194
140
151
157
141
129
194
260
227
172
166
189
250
221
213
263
274
306
353
307
308
374
408
447
526
453
396
475
525
607
665
640
595
590
643
718
695
642
630
694
846
898
855
823
869
911
866
802
774
836
847
819
824
788
902
1025
1021
928
875
909
908
896
893
940
997
1048
1022
963
846
898
985
1039
988
992
984
975
938
922
943
937
958
1210
1033
938
966
952
853
1018
1095
1046
981
942
955
940
1015
1124
960
843
947
973
927
900
918
793
850
939
1012
1075
1091
1118
956
887
856
863
893
948
979
982
966
972
960
976
956
935
912
938
954
950
928
896
911
910
909
926
874
868
857
884
961
967
979
763
881
894
947
882
893
897
896
883
889
840
895
942
926
870
881
900
895
802
876
853
859
873
906
931
977
970
879
888
877
881
874
849
816
809
822
837
896
932
964
975
882
862
856
878
874
877
873
937
918
894
862
858
873
829
894
913
873
920
869
868
884
946
949
859
883
906
867
836
894
909
912
883
891
879
857
913
890
848
853
891
889
923
937
924
920
921
946
934
937
933
932
934
932
937
933
902
918
949
953
923
925
946
960
953
944
950
956
976
973
975
999
998
982
950
753
919
984
960
992
988
960
955
995
892
935
950
921
952
905
875
915
921
882
851
644
683
799
897
891
830
774
739
783
765
725
736
761
732
729
748
727
684
675
696
704
674
666
629
453
418
364
656
897
728
542
489
425
406
422
378
385
385
402
408
429
383
280
366
343
436
470
252
162
165
156
169
162
84
48
26
29
15
10
1
-52
-84
-104
-123
-132
-159
-210
-309
-352
-332
-296
-340
-370
-381
-382
-374
-374
-374
-431
-455
-462
-480
-485
-518
-552
-576
-646
-657
-683
-700
-731
-755
-781
-806
-791
-861
-874
-895
-904
-902
-889
-925
-941
-979
-998
-964
-913
-895
-1008
-1059
-1056
-1017
-1031
-999
-1014
-984
-1026
-995
-1015
-1001
-997
-1000
-1047
-1072
-1063
-988
-965
-982
-1008
-1008
-961
-974
-1000
-971
-960
-968
-982
-980
-980
-1031
-923
-895
-943
-931
-936
-933
-827
-853
-875
-875
-896
-860
-793
-824
-787
-844
-894
-906
-825
-771
-781
-825
-837
-716
-676
-774
-773
-649
-616
-626
-687
-686
-600
-619
-623
-583
-524
-545
-553
-526
-497
-499
-474
-410
-416
-433
-412
-367
-329
-382
-281
-272
-191
-177
-221
-234
-227
-179
-177
-32
-58
-42
-23
-17
62
116
177
185
203
208
240
253
289
286
420
419
424
433
457
455
434
500
523
599
639
630
641
595
617
738
746
751
705
735
712
767
814
826
853
856
905
872
839
912
873
875
927
892
906
899
896
883
1000
984
917
957
952
958
1052
1028
945
893
945
989
1031
896
904
906
892
977
1022
968
963
981
941
944
1063
990
921
889
928
953
982
1031
1021
981
958
964
933
1001
1043
986
949
935
956
934
905
910
916
917
974
1016
953
948
978
976
973
979
976
1033
1078
1057
1005
981
954
929
960
957
964
977
971
979
976
965
1035
1050
1008
991
957
956
958
1001
988
937
952
990
953
952
980
992
952
954
889
889
874
908
930
979
1005
972
982
1000
1007
1040
1096
1006
1174
1059
902
848
774
810
897
935
961
902
1040
1171
1143
993
941
933
974
977
959
1006
980
1005
1021
1014
937
895
918
990
1001
1035
1013
985
956
934
947
970
1004
1002
971
979
989
1034
1023
1006
1006
992
938
939
950
962
899
1049
997
983
1009
994
931
975
967
978
993
951
936
961
932
955
1011
1024
962
967
963
1002
1016
969
969
959
925
939
980
978
966
991
989
952
936
927
933
998
965
942
957
971
964
938
943
971
967
951
957
959
948
962
979
991
966
937
918
916
947
955
949
942
926
937
960
964
946
937
948
941
930
930
976
956
959
969
929
928
967
937
907
935
944
899
878
914
977
995
977
952
951
914
878
887
920
1066
956
874
878
870
888
910
930
963
934
882
866
873
951
913
898
925
884
878
902
901
893
929
914
862
897
891
919
945
937
938
928
920
927
760
919
835
989
966
973
937
933
923
946
1039
988
932
927
913
893
902
925
948
951
980
973
972
974
1015
1007
956
945
928
958
985
987
968
973
953
951
996
970
954
923
961
1010
939
861
921
989
1044
1093
1072
1030
997
1018
1034
970
990
974
993
975
913
875
886
926
948
939
964
992
1053
1041
1016
1025
999
952
947
889
902
918
1046
1051
917
906
954
934
884
839
838
885
958
932
879
891
811
795
848
866
812
777
763
777
796
787
751
729
751
734
745
760
740
700
627
581
622
622
577
554
507
457
424
468
413
413
393
337
281
301
275
244
243
210
174
149
100
74
71
6
-47
-30
-105
-114
-157
-251
-268
-274
-262
-325
-348
-357
-370
-416
-424
-456
-498
-459
-430
-427
-516
-571
-589
-579
-588
-565
-671
-729
-735
-707
-755
-741
-803
-803
-791
-827
-867
-841
-927
-890
-938
-974
-951
-874
-828
-939
-924
-976
-1012
-992
-996
-1014
-980
-976
-1029
-964
-967
-1108
-1011
-933
-856
-893
-982
-976
-924
-953
-977
-1033
-1003
-1016
-867
-969
-936
-934
-801
-740
-767
-769
-745
-833
-813
-664
-630
-698
-742
-682
-697
-692
-582
-459
-368
-400
-373
-282
-284
-304
-281
-294
-229
-106
-16
43
74
13
-34
25
175
185
189
223
330
316
272
457
648
644
663
638
443
520
626
739
738
626
588
713
754
840
821
632
814
802
655
658
909
976
746
749
823
935
901
915
1022
846
805
923
932
945
954
929
999
990
987
918
904
893
904
914
958
946
960
958
954
934
922
908
908
917
933
985
1063
1060
1003
907
840
855
960
1017
1012
910
900
877
908
923
932
973
969
977
978
977
949
934
907
915
899
905
927
947
966
960
937
913
900
899
910
921
926
909
897
924
972
981
983
968
955
943
945
943
948
932
915
926
939
934
925
928
934
938
922
913
927
924
937
946
941
947
961
960
941
942
919
929
916
921
914
903
906
924
978
958
940
918
943
942
926
913
911
900
925
953
943
927
930
946
980
926
919
953
942
946
931
911
925
933
959
944
940
949
952
958
926
906
896
875
885
930
921
942
932
977
987
970
937
989
989
946
891
880
855
904
966
998
877
939
908
843
967
0
935
965
979
965
917
854
723
524
1964
1004
912
966
1007
991
985
989
987
972
968
937
969
982
972
968
973
974
971
969
970
977
972
974
968
974
971
973
968
980
969
968
973
970
978
973
980
971
980
973
974
978
983
978
970
977
975
