962
963
979
966
971
964
971
966
971
974
980
985
972
975
977
983
969
978
980
970
980
972
981
971
995
967
986
964
991
971
972
973
974
971
978
979
975
975
972
977
976
982
971
966
972
975
978
970
976
974
986
974
969
973
972
963
975
969
970
976
976
971
973
973
963
969
979
967
972
970
968
982
972
968
981
979
973
976
989
961
971
976
979
978
975
976
982
969
980
989
974
979
979
982
984
986
988
992
984
988
986
987
985
980
981
978
979
990
990
984
984
979
974
989
979
978
987
975
971
980
975
979
971
976
981
979
974
974
979
977
966
974
972
981
978
976
984
980
974
983
980
972
977
965
972
976
975
981
976
978
977
970
978
971
972
975
974
976
985
979
981
982
976
978
970
979
970
970
975
977
977
976
980
976
975
973
977
976
980
975
972
983
976
979
984
978
978
974
979
973
974
968
971
975
978
969
983
981
982
990
984
970
977
974
970
984
973
979
990
974
977
980
974
978
973
978
969
979
977
975
978
976
979
975
975
976
979
977
973
989
977
977
987
981
982
991
983
978
977
985
982
972
975
982
980
995
976
984
993
973
981
979
977
976
983
980
988
991
981
983
982
975
984
979
976
984
973
979
989
979
990
980
984
986
974
980
979
980
975
977
981
973
978
980
971
976
977
973
971
976
971
977
990
982
970
972
966
965
963
967
965
966
971
976
972
971
969
971
973
973
968
964
964
974
968
977
976
969
978
980
974
970
976
971
969
983
979
977
978
977
979
977
968
973
977
972
968
982
983
981
973
976
988
982
980
987
979
979
987
989
983
985
982
984
985
984
972
983
980
972
980
986
976
978
981
979
986
976
978
973
978
980
982
983
978
980
965
993
973
974
973
977
978
977
984
983
990
990
986
984
982
982
980
982
982
979
978
982
983
982
978
975
980
979
972
971
981
976
976
987
985
981
990
976
986
980
971
981
975
968
978
978
982
979
974
981
973
968
968
978
961
968
975
967
975
980
975
972
985
969
964
976
969
969
970
974
976
979
971
983
978
981
967
987
980
976
981
984
971
983
988
979
989
979
981
983
978
981
988
982
979
981
986
982
983
981
981
983
978
977
983
980
989
987
982
985
978
978
983
990
973
975
985
975
989
979
989
983
974
976
976
978
971
973
979
971
981
976
976
970
974
962
963
966
959
969
973
966
973
973
971
975
980
970
975
975
963
971
970
976
975
983
978
976
980
972
973
982
971
971
979
973
968
984
979
974
976
974
971
977
972
969
979
968
972
981
987
971
987
974
971
971
979
986
981
979
983
987
979
984
988
982
983
987
974
984
973
975
984
983
979
979
984
979
981
979
980
975
979
975
982
977
979
982
975
982
978
992
979
985
978
974
983
982
972
986
990
979
985
987
991
991
989
983
983
977
976
975
986
980
980
974
976
980
968
967
974
978
979
977
978
972
980
980
974
973
975
977
979
973
976
970
975
980
982
974
976
982
968
972
974
976
967
979
972
967
979
975
965
973
974
962
973
966
964
973
968
964
976
975
978
974
974
976
969
978
967
970
975
980
969
977
982
978
979
976
981
982
971
978
983
987
982
983
979
995
969
975
987
977
979
985
983
984
988
979
991
981
978
979
981
982
973
983
982
982
978
975
983
977
973
986
969
981
977
974
976
987
979
981
988
979
981
984
977
974
979
973
979
974
982
970
973
977
973
976
969
975
969
970
980
975
975
972
975
962
973
971
961
973
974
977
979
975
973
979
969
974
978
975
970
976
973
977
980
975
972
976
979
972
977
975
967
985
986
983
985
979
997
981
985
983
985
978
978
982
972
987
984
985
984
982
981
981
983
979
983
973
987
978
984
986
981
988
976
986
977
972
976
983
970
982
984
978
983
980
975
979
984
976
979
971
982
978
976
976
982
976
966
977
974
968
968
969
973
971
973
978
968
968
976
976
963
972
968
964
973
970
969
978
976
978
980
971
974
974
969
964
972
972
972
984
984
975
979
974
978
975
979
978
989
984
981
988
984
980
985
994
973
980
986
979
984
979
981
992
989
982
986
986
978
976
978
982
982
981
988
988
986
983
981
989
978
987
978
979
984
981
979
988
986
975
983
982
990
974
973
981
978
966
975
982
980
981
980
980
971
979
975
978
973
979
972
981
975
969
969
968
962
968
964
966
973
970
967
977
967
970
968
968
965
962
968
956
979
973
972
968
970
975
982
972
974
971
968
974
974
972
982
977
981
981
976
980
977
970
977
979
972
972
987
979
975
983
986
968
986
979
977
976
974
983
983
978
990
979
978
989
975
982
974
987
987
981
982
988
985
980
986
980
981
981
977
984
979
978
982
984
975
981
981
975
976
973
973
968
977
977
971
973
977
987
976
970
977
973
961
973
973
976
973
975
978
977
976
973
967
964
977
968
975
986
977
976
979
975
984
978
976
980
971
977
987
977
986
978
980
987
981
974
979
989
982
981
984
992
980
987
987
981
980
972
980
974
980
979
984
983
985
987
984
985
978
981
980
986
986
988
984
988
986
981
989
989
983
975
983
982
982
981
984
983
973
975
981
983
973
970
978
979
977
977
977
970
975
970
968
968
964
965
969
969
962
977
974
968
961
978
967
967
966
963
970
969
971
979
977
984
979
978
978
978
973
972
981
972
982
979
979
989
978
984
987
988
968
979
975
973
978
979
973
989
978
984
989
987
972
980
982
987
987
981
990
984
986
977
987
987
983
979
980
981
989
982
984
984
992
977
985
990
976
984
972
981
978
980
980
988
974
974
976
973
972
971
968
969
971
977
972
979
979
971
980
974
975
970
967
970
969
974
974
971
976
982
979
973
964
977
981
975
979
980
977
978
979
970
980
977
978
973
978
978
982
975
976
982
981
981
973
989
982
987
982
984
986
981
981
990
986
980
986
978
991
977
986
985
985
986
985
984
985
986
980
983
971
975
975
970
982
985
978
981
979
981
971
970
971
972
970
972
977
976
969
976
970
980
979
980
968
973
973
964
969
975
976
976
971
981
974
975
977
972
978
967
972
970
972
981
980
970
981
976
972
978
972
962
973
963
959
981
990
981
984
982
982
980
978
977
982
975
969
984
981
979
977
987
984
988
974
973
981
972
972
983
978
982
983
983
983
980
986
974
979
988
975
977
981
983
982
983
980
988
982
985
990
978
981
988
980
984
983
989
977
975
978
970
984
976
980
971
977
973
981
976
975
971
975
980
969
976
973
974
974
977
975
986
977
974
983
973
986
977
971
980
981
977
985
977
979
985
978
976
982
978
971
977
981
977
980
983
974
983
970
977
988
971
969
979
980
979
977
985
981
983
978
971
979
976
973
972
979
970
974
975
976
977
976
970
972
982
966
967
974
965
977
972
977
982
970
975
970
966
970
969
963
969
969
969
973
977
974
972
976
974
974
979
975
968
973
977
975
982
979
983
984
986
971
977
982
974
984
984
988
984
988
988
992
986
984
981
986
979
983
983
979
989
986
983
991
988
975
979
979
982
990
979
977
985
982
974
980
984
979
979
988
973
977
986
984
977
985
982
981
989
975
974
971
970
972
978
973
972
974
974
967
970
973
966
971
967
968
981
966
969
974
974
972
968
964
975
966
963
965
970
977
973
967
975
976
975
974
974
972
973
975
971
966
968
975
978
981
981
982
983
973
974
983
977
980
987
987
987
987
988
990
994
980
988
982
988
975
986
987
991
983
989
979
990
985
976
976
981
975
982
986
977
985
986
982
980
981
967
975
978
973
970
977
979
976
988
972
980
965
977
971
974
970
965
969
975
971
973
972
967
976
966
968
985
982
973
987
976
978
985
973
977
977
974
978
980
978
989
981
982
975
986
980
972
978
984
969
978
971
978
986
984
981
978
975
979
980
968
976
976
971
973
988
978
976
985
979
974
978
971
974
975
975
970
980
980
976
986
977
977
973
980
971
976
977
989
990
984
984
986
992
977
984
981
983
980
983
979
987
984
980
987
985
988
981
980
977
988
982
975
981
987
973
971
983
971
973
973
976
977
979
973
983
979
971
978
971
966
973
968
972
973
978
982
972
965
976
967
968
969
966
981
966
965
980
970
976
991
977
985
977
982
973
978
972
987
981
976
976
979
979
969
972
981
980
967
979
979
984
982
977
976
1041
950
970
992
958
990
975
981
978
983
973
971
984
962
979
968
978
978
972
1044
987
1001
990
974
783
964
955
987
988
979
979
971
991
971
977
970
988
984
980
987
988
984
977
977
979
979
973
980
986
982
972
989
990
981
980
983
977
976
979
972
976
983
979
975
980
975
978
978
976
976
970
962
967
978
977
980
1009
1009
959
952
996
967
973
973
972
984
973
979
983
979
985
982
970
981
974
968
985
978
974
983
984
988
974
980
990
974
977
979
980
981
976
981
977
970
971
977
967
971
965
969
970
974
975
969
970
968
978
979
969
971
973
981
974
973
969
972
976
975
977
979
974
978
974
976
979
980
972
981
984
980
979
977
976
974
976
978
979
989
980
979
981
987
971
971
977
972
978
975
979
977
985
984
975
-1030
-1013
-1011
-1004
-1010
-1019
-1017
-1021
-1020
-1023
-1014
-1020
-1019
-1031
-1018
-1026
-1018
-1012
-1015
-1012
-1005
-1004
-1021
-1017
-1014
-1026
-1020
-1026
-1024
-1017
-1024
-1018
-1022
-1012
-1018
-1014
-1017
-1030
-1022
-1029
-1030
-1013
-1014
-1014
-1020
-1002
-1010
-1009
-1021
-1035
-1028
-1033
-1031
-1024
-1011
-1002
-1017
-1022
-1016
-1030
-1017
-1023
-1019
-1017
-1019
-1017
-1030
-1025
-1025
-1016
-1007
-1010
-1011
-1009
-1016
-1024
-1022
-1028
-1019
-1025
-1020
-1020
-1012
-1009
-1013
-1007
-1019
-1012
-1021
-1017
-1026
-1011
-1023
-1018
-1029
-1025
-1028
-1016
-1023
-1010
-998
-1008
-1019
-1025
-1030
-1027
-1016
-1025
-1015
-1009
-1012
-1008
-1015
-1020
-1031
-1025
-1031
-1014
-1012
-1008
-1016
-1020
-1019
-1022
-1021
-1021
-1011
-1015
-1017
-1030
-1025
-1034
-1024
-1026
-1009
-1011
-1014
-1007
-1015
-1008
-1020
-1013
-1020
-1019
-1024
-1030
-1016
-1017
-1017
-1012
-1005
-1020
-1020
-1020
-1015
-1010
-1013
-1006
-1020
-1017
-1023
-1030
-1038
-1018
-1007
-1002
-1009
-1020
-1016
-1032
-1019
-1028
-1009
-1018
-1013
-1023
-1033
-1017
-1017
-1018
-1018
-1012
-1017
-1008
-1013
-1020
-1023
-1024
-1020
-1018
-1029
-1007
-1022
-1018
-1017
-1012
-1009
-1011
-1012
-1023
-1023
-1030
-1015
-1026
-1010
-1017
-1004
-1015
-1018
-1028
-1019
-1036
-1016
-1002
-1003
-1011
-1020
-1013
-1034
-1013
-1017
-1015
-1008
-1013
-1020
-1034
-1025
-1022
-1009
-1011
-1011
-1010
-1006
-1015
-1011
-1020
-1021
-1014
-1034
-1024
-1022
-1022
-1017
-1017
-1012
-1006
-1019
-1010
-1017
-1018
-1027
-1017
-1026
-1013
-1011
-1009
-1017
-1016
-1021
-1025
-1031
-1015
-1004
-1014
-1017
-1024
-1020
-1024
-1029
-1024
-1010
-1001
-1016
-1011
-1029
-1023
-1031
-1031
-1020
-1019
-1009
-1019
-1013
-1015
-1019
-1014
-1014
-1029
-1018
-1025
-1026
-1016
-1017
-1010
-1022
-1009
-1027
-1021
-1023
-1017
-1005
-1014
-1021
-1019
-1025
-1032
-1030
-1031
-1007
-1011
-1000
-1008
-1006
-1018
-1024
-1033
-1026
-1033
-1031
-1018
-1028
-1018
-1020
-1015
-1015
-1021
-1023
-1012
-1016
-1021
-1012
-1020
-1023
-1014
-1015
-1013
-1012
-1026
-1016
-1021
-1022
-1026
-1018
-1010
-1019
-1011
-1012
-1017
-1031
-1026
-1012
-1011
-1016
-1004
-1011
-1016
-1032
-1033
-1028
-1028
-1005
-1016
-1010
-1015
-1013
-1017
-1018
-1030
-1022
-1023
-1023
-1018
-1024
-1014
-1024
-1014
-1007
-1011
-1010
-1018
-1017
-1026
-1025
-1018
-1019
-1023
-1029
-1022
-1013
-1013
-1020
-1035
-1029
-1024
-1006
-1011
-1011
-1015
-1012
-1023
-1028
-1020
-1019
-1009
-1013
-1017
-1023
-1022
-1029
-1030
-1031
-1015
-1002
-1005
-1002
-1005
-1005
-1022
-1027
-1024
-1024
-1017
-1026
-1016
-1018
-1018
-1019
-1013
-1010
-1015
-1017
-1018
-1016
-1022
-1016
-1026
-1010
-1025
-1029
-1024
-1022
-1019
-1022
-1013
-1006
-1013
-1019
-1009
-1028
-1028
-1023
-1014
-1020
-1023
-1018
-1002
-1012
-1014
-1019
-1017
-1035
-1033
-1021
-1020
-1004
-1006
-1008
-1016
-1013
-1025
-1018
-1031
-1020
-1016
-1017
-1014
-1015
-1011
-1021
-1016
-1015
-1015
-1015
-1017
-1023
-1014
-1019
-1028
-1020
-1022
-1022
-1028
-1019
-1009
-1016
-1008
-1004
-1007
-1022
-1024
-1024
-1028
-1019
-1022
-1016
-1010
-1009
-1024
-1015
-1031
-1021
-1037
-1032
-1023
-1024
-1010
-1000
-1005
-1020
-1022
-1027
-1018
-1018
-1019
-1025
-1018
-1020
-1027
-1016
-1022
-1015
-1024
-1012
-1009
-1011
-1009
-1016
-1014
-1019
-1017
-1027
-1030
-1028
-1023
-1019
-1019
-1012
-1006
-1009
-1014
-1030
-1032
-1031
-1030
-1021
-1013
-1009
-1003
-1014
-1003
-1022
-1021
-1032
-1029
-1005
-1013
-1020
-1023
-1021
-1024
-1031
-1024
-1015
-1015
-1017
-1011
-1019
-1016
-1025
-1021
-1021
-1020
-1009
-1012
-1017
-1019
-1021
-1013
-1026
-1020
-1016
-1022
-1020
-1030
-1022
-1025
-1019
-1020
-1001
-1018
-1003
-1001
-1006
-1022
-1031
-1025
-1026
-1019
-1018
-1009
-1017
-1012
-1017
-1017
-1028
-1025
-1009
-1022
-1012
-1011
-1006
-1016
-1008
-1008
-1005
-1010
-1016
-1023
-1026
-1020
-1029
-1028
-1029
-1019
-1021
-1020
-1018
-1013
-1014
-1021
-1010
-1022
-1019
-1022
-1016
-1013
-1014
-1027
-1022
-1015
-1028
-1024
-1022
-1021
-1012
-1017
-1002
-1024
-1018
-1030
-1021
-1008
-1022
-1016
-1020
-1019
-1038
-1013
-1011
-1022
-1013
-1031
-1018
-1030
-1018
-1023
-1008
-1019
-1010
-1011
-1021
-1021
-1028
-1015
-1032
-1023
-1024
-1017
-1015
-1019
-1012
-1017
-1021
-1019
-1015
-1021
-1021
-1031
-1019
-1020
-1015
-1013
-1013
-1014
-1016
-1028
-1031
-1026
-1024
-1022
-1017
-1005
-1008
-1004
-1013
-1020
-1028
-1015
-1026
-1022
-1012
-1019
-1021
-1016
-1014
-1032
-1013
-1023
-1013
-1014
-1007
-1008
-1013
-1011
-1019
-1010
-1012
-1016
-1013
-1018
-1023
-1018
-1020
-1021
-1028
-1023
-1022
-1023
-1014
-1025
-1010
-1028
-1011
-1016
-1022
-1026
-1012
-1013
-1011
-1015
-1027
-1021
-1029
-1029
-1026
-1020
-1026
-1010
-1011
-1002
-1013
-1026
-1018
-1030
-1022
-1030
-1013
-1013
-1002
-1008
-1018
-1010
-1019
-1026
-1028
-1021
-1010
-1023
-1020
-1012
-1017
-1018
-1015
-1024
-1018
-1019
-1022
-1019
-1027
-1025
-1021
-1021
-1012
-1020
-1000
-1007
-1018
-1010
-1021
-1018
-1025
-1020
-1030
-1011
-1018
-1012
-1015
-1023
-1016
-1030
-1021
-1024
-1015
-1008
-1009
-1014
-1018
-1016
-1016
-1030
-1028
-1020
-1027
-1017
-1012
-1016
-1022
-1021
-1016
-1029
-1030
-1021
-1023
-999
-1006
-1003
-1009
-1015
-1013
-1022
-1025
-1030
-1018
-1027
-1023
-1024
-1007
-1018
-1016
-1014
-1012
-1013
-1020
-1020
-1020
-1020
-1023
-1018
-1018
-1009
-1010
-1014
-1009
-1010
-1026
-1020
-1024
-1035
-1018
-1027
-1014
-1022
-1007
-1007
-1010
-1011
-1027
-1021
-1032
-1022
-1034
-1018
-1018
-1004
-1011
-1007
-1011
-1027
-1021
-1022
-1016
-1025
-1017
-1022
-1015
-1023
-1016
-1018
-1020
-1023
-1018
-1026
-1029
-1023
-1021
-1018
-1018
-1009
-1010
-1007
-1014
-1010
-1024
-1024
-1021
-1011
-1008
-1021
-1014
-1021
-1011
-1033
-1027
-1029
-1021
-1012
-1012
-996
-1008
-1010
-1020
-1005
-1029
-1033
-1030
-1027
-1028
-1018
-1023
-1018
-1026
-1023
-1017
-1025
-1017
-1027
-1013
-1022
-1018
-1018
-1011
-1019
-1019
-1006
-1022
-1012
-1018
-1007
-1026
-1032
-1025
-1025
-1024
-1025
-1021
-1008
-1009
-1007
-1014
-1013
-1024
-1018
-1031
-1027
-1025
-1021
-1010
-1013
-1007
-1013
-1010
-1017
-1029
-1030
-1023
-1023
-1028
-1018
-1016
-1011
-1013
-1018
-1009
-1019
-1020
-1021
-1028
-1034
-1028
-1023
-1016
-1021
-1016
-1009
-1010
-1013
-1004
-1011
-1021
-1006
-1030
-1025
-1032
-1021
-1023
-1009
-1024
-1021
-1003
-1016
-1021
-1024
-1031
-1027
-1032
-1014
-1013
-1019
-1004
-1007
-1010
-1005
-1009
-1018
-1021
-1027
-1032
-1027
-1025
-1027
-1024
-1015
-1006
-1017
-1013
-1009
-1011
-1018
-1029
-1028
-1027
-1022
-1022
-1018
-1006
-1010
-1019
-1011
-1015
-1026
-1035
-1028
-1029
-1014
-1021
-1008
-1014
-1005
-1012
-1016
-1012
-1012
-1013
-1031
-1026
-1029
-1025
-1030
-1022
-1019
-1009
-1017
-1016
-1013
-1013
-1018
-1022
-1014
-1029
-1027
-1028
-1018
-1020
-1011
-1010
-1015
-1016
-1021
-1020
-1023
-1025
-1038
-1024
-1017
-1016
-1002
-1005
-1001
-1005
-1018
-1012
-1022
-1028
-1026
-1022
-1028
-1025
-1014
-1017
-1012
-1021
-1019
-1022
-1025
-1018
-1023
-1017
-1018
-1021
-1016
-1016
-1018
-1017
-1006
-1020
-1010
-1022
-1019
-1027
-1030
-1038
-1025
-1024
-1019
-1024
-1009
-1010
-1012
-1003
-1013
-1016
-1026
-1027
-1030
-1026
-1028
-1011
-1019
-1013
-1006
-1017
-1009
-1020
-1032
-1023
-1017
-1024
-1013
-1015
-1012
-1017
-1008
-1018
-1015
-1014
-1013
-1026
-1029
-1023
-1031
-1025
-1028
-1013
-1016
-1010
-1002
-1012
-1011
-1016
-1028
-1023
-1033
-1026
-1020
-1024
-1012
-1020
-1009
-1013
-1017
-1019
-1019
-1034
-1029
-1029
-1023
-1011
-1017
-1006
-1018
-1003
-1006
-1293
-904
-1008
-1043
-1050
-1044
-1018
-1015
-1028
-1016
-1019
-1020
-1028
-983
-1007
-1051
-991
-1028
-1018
-1038
-1042
-1032
-1020
-1028
-1020
-1018
-1014
-1003
-1023
-1022
-1013
-1030
-1028
-1026
-1020
-1027
-1014
-1010
-1016
-1016
-1016
-1017
-1019
-1024
-1014
-1024
-1018
-1030
-1012
-1025
-1017
-1019
-1010
-1024
-1006
-1019
-1010
-1015
-1029
-1019
-1020
-1011
-1024
-1020
-1026
-1012
-1021
-1018
-1019
-1023
-1020
-1028
-1018
-1022
-1018
-1007
-1013
-1017
-1023
-1024
-1019
-1014
-1012
-1011
-1001
-1007
-1011
-1023
-1014
-1027
-1035
-1026
-1025
-1024
-1027
-1011
-1014
-1006
-1009
-1009
-1011
-1018
-1028
-1027
-1029
-1032
-1017
-1015
-1008
-1007
-1010
-1010
-1015
-1014
-1027
-1028
-1023
-1014
-1020
-1009
-1011
-1017
-1008
-1014
-1016
-1016
-1015
-1010
-1023
-1029
-1028
-1019
-1028
-1018
-1023
-1012
-1022
-1017
-1024
-1010
-1013
-1015
-1000
-1020
-992
-1014
-1022
-1015
-1022
-1031
-1027
-1019
-1025
-1020
-1019
-1010
-1017
-1009
-1019
-1031
-1013
-1025
-1019
-1017
-1010
-1015
-1018
-1010
-1013
-1011
-1022
-1022
-1021
-1011
-1034
-1019
-1021
-1007
-997
-1023
-1003
-1017
-1021
-1019
-1011
-1016
-1023
-1011
-1018
-1026
-1022
-1032
-1016
-1027
-1020
-1011
-1018
-1004
-1019
-1008
-1009
-1006
-1016
-1019
-1019
-1022
