977
979
973
988
981
989
978
982
978
980
975
979
981
978
979
981
988
977
981
983
979
986
983
973
978
985
980
985
981
978
982
979
989
974
983
983
985
980
979
975
982
989
978
983
980
988
980
981
986
984
982
983
982
969
986
982
979
987
982
977
981
987
980
982
980
979
979
976
984
975
983
974
982
980
989
982
979
979
974
986
980
983
978
986
985
980
979
977
979
977
978
983
980
978
987
976
977
977
976
985
979
974
979
979
987
977
980
973
983
983
972
973
980
979
979
986
978
990
972
977
981
988
984
981
979
978
976
973
975
986
989
988
978
983
976
979
984
989
981
978
979
978
980
976
983
976
975
982
975
982
979
981
973
988
974
986
977
992
978
982
980
979
983
988
986
981
974
975
982
980
981
980
976
989
973
986
976
981
988
979
981
979
988
978
981
986
988
986
982
977
977
990
983
987
983
978
984
975
981
968
985
980
984
976
974
983
977
980
982
980
983
984
983
979
982
981
980
976
986
979
984
978
995
983
975
982
975
983
974
985
981
983
979
978
984
984
989
982
978
982
982
982
978
979
982
983
980
976
982
989
977
987
982
978
982
981
979
978
981
979
985
981
987
980
983
979
980
977
979
982
975
980
980
976
990
979
984
971
978
978
981
986
975
982
981
982
980
988
980
978
982
986
985
980
983
976
988
975
982
980
980
983
975
977
980
988
977
980
981
986
978
986
979
976
989
983
980
979
978
976
975
977
978
983
971
981
979
981
979
983
983
975
986
976
977
985
978
981
984
984
976
981
977
983
982
974
979
981
984
985
990
983
979
982
982
982
979
979
983
988
979
978
982
979
978
986
979
985
989
974
984
985
982
982
983
982
984
980
976
987
981
981
984
982
973
974
985
981
984
980
979
978
984
980
979
970
977
986
980
978
979
979
975
980
979
979
978
974
982
971
982
975
985
980
976
985
982
979
985
976
979
988
983
976
983
975
983
979
983
979
978
983
978
985
974
982
981
979
980
972
991
980
983
977
976
979
983
980
979
975
972
985
983
987
979
982
976
984
982
977
985
982
984
982
985
981
986
975
980
980
985
980
983
981
977
975
983
977
980
972
982
979
984
973
982
983
982
987
979
982
979
986
978
984
980
979
987
979
978
983
974
980
986
978
979
981
985
980
977
988
977
980
981
984
984
979
985
979
979
978
982
971
977
978
982
982
976
985
971
981
982
983
981
981
986
972
988
970
986
979
981
979
976
984
985
983
974
981
975
978
979
985
981
990
982
985
985
974
985
981
983
980
983
984
979
985
980
984
980
989
974
979
980
979
981
975
981
983
981
979
983
978
978
980
970
987
980
981
981
977
982
984
987
977
980
979
981
977
976
981
976
977
978
983
987
984
975
983
983
991
985
980
977
976
979
979
980
982
982
980
981
980
975
975
982
984
982
979
985
970
982
987
990
980
981
972
981
986
983
979
979
987
977
983
976
976
980
976
984
983
983
982
986
978
974
979
978
983
981
983
977
979
983
985
982
985
980
979
981
984
975
977
981
980
991
982
981
983
978
986
979
982
981
984
990
979
985
975
989
977
978
978
979
979
984
983
981
986
981
980
985
985
980
977
978
979
977
979
983
980
982
991
986
974
979
988
977
988
985
980
982
979
976
984
985
976
981
981
981
977
983
987
981
980
972
975
976
980
974
979
984
976
975
980
980
983
984
981
977
971
980
987
965
975
981
983
982
979
975
985
987
979
976
974
981
979
988
985
973
973
983
984
974
987
985
980
981
982
981
986
979
977
983
982
980
976
982
979
987
984
962
982
981
986
979
979
976
982
984
975
981
979
979
987
980
979
972
985
979
985
970
977
977
980
976
978
985
979
978
978
987
978
982
978
978
978
980
986
975
985
979
982
972
980
986
983
984
979
975
983
982
981
978
979
981
978
976
981
981
988
980
979
976
977
986
982
985
974
985
984
980
976
979
984
981
983
978
982
982
979
983
974
981
979
979
979
978
979
978
981
981
984
979
982
984
981
974
986
985
976
982
971
982
982
980
976
976
984
983
985
979
974
973
987
982
979
981
986
981
972
986
980
979
973
981
983
979
982
976
983
983
982
979
979
983
981
981
985
993
978
983
975
983
978
985
985
981
980
979
979
975
977
977
979
980
985
979
979
984
978
982
982
982
987
974
986
975
982
981
978
983
986
980
976
981
978
983
984
984
979
981
978
984
980
972
984
977
980
974
976
985
981
977
987
979
980
977
980
984
983
981
988
983
986
985
982
979
977
979
979
974
974
981
979
989
980
981
980
984
982
980
986
980
986
985
981
982
983
979
980
981
986
982
978
983
979
987
975
982
982
977
983
974
977
972
989
980
979
979
984
981
973
982
968
989
970
984
975
977
986
976
982
979
981
981
984
983
981
975
981
977
983
985
982
983
984
979
982
982
988
977
985
981
984
983
980
981
982
982
971
982
981
981
983
979
976
980
983
984
981
978
985
976
978
980
982
979
975
976
974
993
981
982
980
978
986
973
985
975
981
982
980
980
979
989
981
977
981
982
976
977
977
977
982
981
983
977
977
975
985
981
977
984
984
981
983
989
971
991
979
982
974
985
981
977
979
968
985
983
985
982
979
989
981
985
979
981
979
980
981
977
978
983
979
982
982
975
988
986
978
977
977
985
974
983
973
974
977
975
983
981
981
982
981
978
978
981
987
974
979
975
982
985
980
985
979
987
983
979
972
974
982
975
983
977
981
979
985
980
983
983
980
985
979
975
982
977
982
975
987
976
983
986
980
979
986
980
975
979
978
982
983
985
986
981
979
977
982
991
984
982
980
977
982
986
977
981
976
980
983
978
973
983
979
988
985
983
980
976
982
976
984
978
993
978
975
980
979
979
978
983
980
984
974
978
983
979
983
983
978
978
984
976
987
982
984
982
983
978
979
983
980
977
988
975
981
983
983
980
979
986
983
986
987
979
983
979
982
982
986
981
979
977
979
979
981
988
985
988
979
991
982
982
980
982
974
989
984
978
983
980
979
975
980
981
989
981
979
986
979
978
985
979
981
982
979
976
985
978
981
989
988
977
979
982
988
983
979
984
973
986
975
983
983
975
983
980
988
987
979
970
987
974
976
978
980
981
981
979
977
977
981
983
980
979
974
975
985
974
982
980
977
982
978
985
987
979
983
986
979
983
978
979
983
975
985
985
977
981
985
982
983
982
983
976
977
981
980
978
976
979
975
983
983
983
984
982
985
985
974
980
975
983
981
976
977
981
983
980
987
980
979
977
985
990
981
986
981
983
981
974
976
989
979
980
977
977
983
989
957
1007
983
980
989
969
992
973
991
970
989
971
975
990
972
989
970
990
972
977
982
958
997
969
990
969
980
984
974
978
969
990
975
983
975
975
979
980
979
978
982
979
987
968
980
978
984
981
978
984
977
982
980
980
982
983
985
980
987
979
979
980
982
977
980
985
980
984
989
980
977
982
979
988
977
982
977
973
988
975
976
978
992
986
983
980
980
977
980
982
980
983
981
984
981
977
982
977
983
973
981
979
980
982
975
980
978
987
974
984
980
981
980
983
982
980
988
974
984
972
978
983
978
973
978
985
975
979
973
986
981
975
986
979
984
977
991
979
981
976
980
987
978
980
975
978
979
981
980
984
987
981
983
978
988
981
985
981
985
977
980
976
986
984
973
979
973
971
985
983
979
982
983
977
984
981
983
977
990
980
984
976
979
974
984
988
980
978
983
981
979
978
984
976
979
983
979
977
981
986
978
981
979
983
986
986
981
979
986
978
981
983
977
974
987
973
975
972
986
986
974
982
978
989
977
986
982
976
983
978
980
978
984
985
981
985
981
986
976
980
976
987
989
979
982
983
981
981
985
971
984
976
983
988
983
986
972
975
980
983
984
979
972
981
980
976
981
977
984
983
985
979
977
987
973
987
972
980
982
976
982
979
984
976
989
975
976
984
982
982
974
985
981
974
972
981
973
986
982
981
985
976
984
977
986
981
982
980
980
980
980
983
978
983
978
970
973
990
986
975
977
980
980
974
979
976
979
978
983
974
980
975
978
986
975
975
983
971
986
976
985
979
983
984
982
981
976
986
978
981
979
983
980
984
973
978
987
982
979
979
980
984
980
980
981
975
981
977
977
988
980
983
978
978
982
979
979
972
982
973
980
974
984
983
985
979
981
986
979
981
981
985
978
980
987
985
983
979
977
977
985
980
980
978
976
982
978
979
967
982
972
990
975
978
977
980
986
976
982
982
979
978
979
986
982
983
981
989
976
977
980
979
980
981
982
990
983
979
983
979
973
985
981
978
990
985
980
976
976
979
975
983
981
983
985
978
987
983
973
985
980
976
979
984
976
988
977
986
976
983
987
980
974
984
988
968
959
1001
986
976
982
979
980
985
979
991
975
984
985
977
984
982
984
975
983
973
977
982
980
985
981
976
979
985
985
983
985
979
987
981
982
970
985
985
982
986
977
979
981
986
975
980
977
988
984
980
980
978
980
974
982
980
982
974
984
989
980
981
969
983
-1010
-1002
-1013
-1006
-1010
-1000
-1011
-1012
-1011
-1013
-1012
-1007
-1011
-1009
-1006
-1012
-1002
-1019
-1013
-1009
-1008
-1010
-1015
-1013
-1018
-1006
-1004
-1013
-1005
-1009
-1009
-1012
-1005
-1014
-1016
-1011
-1003
-1008
-1008
-1011
-1002
-1007
-1016
-1013
-1011
-1014
-1008
-1013
-1013
-1012
-1009
-1009
-1010
-1014
-1012
-1010
-1014
-1007
-1006
-1008
-1008
-1008
-1012
-1015
-1010
-1013
-1007
-1011
-1014
-1011
-1003
-1012
-1014
-1009
-1010
-1014
-1014
-1012
-1012
-1009
-1006
-1017
-1009
-1003
-1011
-1009
-1014
-1012
-1012
-1011
-1008
-1010
-1010
-1008
-1009
-1007
-1015
-1015
-1014
-1004
-1014
-1003
-1010
-1009
-1008
-1015
-1009
-1014
-1014
-1015
-1013
-1010
-1016
-1012
-1011
-1010
-1014
-1005
-1007
-1014
-1013
-1006
-1009
-1010
-1010
-1017
-1007
-1013
-1008
-1014
-1014
-1012
-1005
-1001
-1006
-1009
-1012
-1006
-1010
-1016
-1010
-1010
-1012
-1015
-1007
-1009
-1007
-1016
-1009
-1013
-1021
-1008
-1013
-1008
-1007
-1013
-1007
-1007
-1013
-1014
-1009
-1011
-1017
-1006
-1014
-1005
-1013
-1013
-1004
-1013
-1012
-1005
-1004
-1015
-1016
-1009
-1008
-1014
-1010
-1014
-1012
-1011
-1007
-1008
-1010
-1014
-1010
-1010
-1011
-1013
-1011
-1009
-1005
-1008
-1016
-1012
-1012
-1014
-1015
-1009
-1012
-1009
-1010
-1017
-1012
-1008
-1013
-1005
-1014
-1008
-1003
-1011
-1011
-1014
-1013
-1011
-1005
-1008
-1017
-1013
-1009
-1014
-1007
-1013
-1017
-1010
-1013
-1010
-1019
-1007
-1007
-1014
-1000
-1005
-1012
-1008
-1005
-1009
-999
-1006
-1008
-1011
-1018
-1005
-1019
-1003
-1009
-1012
-1009
-1009
-1012
-1010
-1007
-1010
-1006
-1013
-1007
-1010
-1011
-1006
-1008
-1007
-1007
-1014
-1006
-1011
-1016
-1011
-1006
-1013
-1004
-1014
-1007
-1011
-1014
-1014
-1009
-1013
-1006
-1017
-1007
-1006
-1013
-1014
-1019
-1006
-1009
-1014
-1013
-1007
-1010
-1012
-1008
-1013
-1016
-1011
-1010
-1013
-1012
-1008
-1015
-1013
-1008
-1008
-1012
-1007
-1007
-1016
-1010
-1006
-1015
-1019
-1006
-1012
-1016
-1009
-1015
-1009
-1018
-1010
-1012
-1010
-1004
-1015
-1013
-1017
-1008
-1007
-1011
-1009
-1002
-1010
-1020
-1009
-1011
-1013
-1014
-1011
-1014
-1010
-1009
-1014
-1010
-1007
-1004
-1006
-1008
-1021
-1003
-1006
-1010
-1010
-1018
-997
-1007
-1012
-1017
-1010
-1014
-1005
-1008
-1014
-1007
-1012
-1006
-1013
-1007
-1010
-1015
-1016
-1013
-1012
-1011
-1013
-1014
-1014
-1011
-1004
-1013
-1012
-1008
-1004
-1005
-1007
-1009
-1019
-1008
-1009
-1014
-1007
-1010
-1005
-1012
-1006
-1020
-1016
-1007
-1011
-1008
-1011
-1014
-1016
-1008
-1019
-1006
-1012
-1008
-1007
-1011
-1016
-1014
-1005
-1005
-1010
-1005
-1008
-1012
-1008
-1014
-1012
-1012
-1012
-1010
-1015
-1015
-1010
-1008
-1006
-1018
-1008
-1017
-1007
-1015
-1009
-1020
-1007
-1010
-1006
-1013
-1007
-1012
-1018
-1013
-1008
-1008
-1011
-1005
-1005
-1012
-1010
-1012
-1009
-1012
-1019
-1016
-1009
-1011
-1008
-1010
-1013
-1015
-1017
-1013
-1009
-1016
-1017
-1011
-1010
-1011
-1002
-1010
-1014
-1011
-1010
-1013
-1010
-1011
-1013
-1009
-1017
-1010
-1009
-1012
-1010
-1011
-1005
-1008
-1008
-1009
-1009
-1009
-1011
-1018
-1019
-1007
-1014
-1017
-1015
-1013
-1012
-1002
-1011
-1009
-1011
-1012
-1010
-1010
-1010
-1010
-1010
-1003
-1009
-1020
-1022
-1010
-1013
-1010
-1007
-1011
-1009
-1012
-1010
-1013
-1009
-1002
-1005
-1011
-1002
-1004
-1006
-1008
-1013
-1009
-1012
-1011
-1015
-1007
-1014
-1009
-1010
-1006
-1021
-1014
-1012
-1020
-1006
-1020
-1011
-1009
-1011
-1008
-1013
-1007
-1013
-1011
-1015
-1014
-1001
-1015
-1013
-1008
-1005
-1016
-1004
-1010
-1014
-1007
-1013
-1011
-1012
-1004
-1016
-1003
-1013
-1014
-1009
-1009
-1011
-1004
-1006
-1010
-1008
-1008
-1011
-1003
-1012
-1014
-1011
-1016
-1013
-1008
-1020
-1007
-1006
-1007
-1013
-1010
-1013
-1016
-1012
-1018
-1009
-1013
-1011
-1018
-1006
-1020
-1008
-1007
-1004
-1007
-1008
-1013
-1017
-1014
-1016
-1016
-1012
-1019
-1007
-1003
-1010
-1010
-1010
-1007
-1011
-1009
-1009
-1008
-1006
-1012
-1008
-1011
-1014
-1012
-1013
-1017
-1003
-1015
-1005
-1016
-1010
-1013
-1013
-1009
-1012
-1007
-1008
-1011
-1009
-1011
-1012
-1007
-1014
-1010
-1014
-1007
-1012
-1012
-1010
-1011
-1018
-1013
-1013
-1010
-1015
-1012
-1006
-1007
-1004
-1011
-1003
-1013
-1008
-1017
-1018
-1009
-1009
-1010
-1015
-1017
-1008
-1005
-1008
-1012
-1017
-1004
-1009
-1013
-1008
-1015
-1008
-1013
-1010
-1014
-1006
-1013
-1014
-1014
-1013
-1014
-1010
-1010
-1010
-1012
-1015
-1015
-1010
-1013
-1013
-1011
-1011
-1008
-1014
-1008
-1013
-1009
-1013
-1011
-1016
-1007
-1009
-1003
-1008
-1007
-1009
-1011
-999
-1018
-1013
-1016
-1011
-1014
-1018
-1010
-1010
-1012
-1005
-1013
-1008
-1007
-1010
-1005
-1012
-1007
-1015
-1010
-1010
-1005
-1009
-1011
-1007
-1003
-1018
-1017
-1004
-1007
-1008
-1006
-1011
-1005
-1011
-1006
-1006
-1008
-1014
-1008
-1015
-1008
-1010
-1010
-1011
-1010
-1016
-1005
-1006
-1006
-1008
-1011
-1006
-1012
-1013
-1004
-1007
-1007
-1001
-1010
-1010
-1017
-1011
-1017
-1008
-1012
-1008
-1008
-1008
-1007
-1010
-1010
-1009
-1010
-1014
-1012
-1006
-1017
-1001
-1012
-1014
-1016
-1013
-1021
-1005
-1014
-1010
-1004
-1016
-1006
-1010
-1014
-1013
-1016
-1007
-1016
-1012
-1017
-1011
-1013
-1013
-1010
-1002
-1011
-1012
-1012
-1014
-1008
-1007
-1008
-1009
-1009
-1007
-1021
-1010
-1020
-1002
-1012
-1008
-1019
-1012
-1015
-1011
-1008
-1008
-1001
-1009
-1010
-1012
-1014
-1013
-1008
-1007
-1013
-1007
-1009
-1008
-1017
-1015
-1020
-1010
-1005
-1012
-1012
-1011
-1010
-1009
-1010
-1010
-1007
-1013
-1010
-1010
-1013
-1009
-1009
-1009
-1017
-1013
-1005
-1015
-1011
-1012
-1013
-1014
-1009
-1016
-1009
-1009
-1013
-1007
-1019
-1010
-1019
-1009
-1014
-1016
-1010
-1014
-1006
-1012
-1010
-1010
-1016
-1008
-1012
-1005
-1013
-1010
-1011
-1012
-1011
-1007
-1014
-1009
-1010
-1011
-1011
-1014
-1020
-1007
-1009
-1011
-1013
-1006
-1009
-1011
-1012
-1019
-1014
-1007
-1008
-1010
-1020
-1008
-1010
-1010
-1010
-1012
-1013
-1011
-1005
-1017
-1009
-1006
-1012
-1009
-1010
-1010
-1014
-1009
-1014
-1015
-1010
-1013
-1012
-1012
-1008
-1014
-1010
-1015
-1013
-1006
-1018
-1007
-1006
-1004
-1018
-1005
-1013
-1010
-1010
-1016
-1011
-1014
-1010
-1008
-1012
-1018
-1008
-1012
-1010
-1012
-1001
-1013
-1010
-1008
-1018
-1007
-1009
-1014
-1013
-1010
-1006
-1012
-1010
-1018
-1005
-1013
-1019
-1012
-1007
-1008
-1007
-1004
-1016
-1010
-1014
-1014
-1008
-1013
-1011
-1012
-1009
-1010
-1014
-1016
-1002
-1012
-1006
-1010
-1009
-1011
-1016
-1007
-1011
-1013
-1014
-1007
-1010
-1006
-1009
-1013
-1005
-1012
-1011
-1008
-1011
-1012
-1010
-1001
-1016
-1016
-1012
-1012
-1013
-1010
-1013
-1015
-1013
-1014
-1013
-1002
-1012
-1013
-1006
-1012
-1015
-1004
-1008
-1012
-1011
-1009
-1011
-1015
-1018
-1008
-1004
-1008
-1012
-1018
-1007
-1010
-1004
-1011
-1015
-1010
-1009
-1010
-1010
-1013
-1001
-1007
-1007
-1016
-1012
-1016
-1020
-1005
-1007
-1015
-1014
-1012
-1005
-1008
-1012
-1010
-1014
-1014
-1016
-1010
-1004
-1011
-1009
-1009
-1008
-1008
-1012
-1016
-1012
-1003
-1011
-1016
-1011
-1013
-1012
-1016
-1012
-1018
-1010
-1004
-1008
-1011
-1003
-1008
-1008
-1011
-1010
-1010
-1015
-1010
-1011
-1012
-1010
-1013
-1007
-1012
-1010
-1016
-1004
-1003
-1011
-1014
-1013
-1013
-1014
-1014
-1009
-1011
-1011
-1019
-1012
-1009
-1018
-1005
-1010
-1011
-1016
-1011
-1008
-1010
-1011
-1010
-1004
-1012
-1010
-1013
-1011
-1013
-1012
-1013
-1015
-1002
-1008
-1007
-1012
-1013
-1011
-1012
-1010
-1012
-1011
-1008
-1008
-1004
-1011
-1010
-1009
-1011
-1010
-1007
-1013
-1004
-1014
-1010
-1010
-1023
-1009
-1013
-1009
-1010
-1018
-1016
-1011
-1003
-1011
-1003
-1011
-1012
-1012
-1006
-1003
-1007
-1012
-1013
-1008
-1008
-1008
-1014
-1002
-1011
-1003
-1018
-1010
-1011
-1000
-1007
-1011
-1014
-1011
-1010
-1010
-1016
-1013
-1006
-1012
-1004
-1008
-1009
-1009
-1009
-1007
-1010
-1006
-1011
-1015
-1009
-1011
-1004
-1006
-1001
-1007
-1013
-1015
-1009
-1006
-1014
-1010
-1012
-1015
-1007
-1009
-1015
-1004
-1001
-1010
-1018
-1005
-1016
-1000
-1014
-1013
-1009
-1018
-1010
-1004
-1013
-1005
-1007
-1013
-1005
-1011
-1009
-1013
-1008
-1018
-1010
-1012
-1003
-1015
-1030
-988
-1019
-1012
-1007
-1012
-1022
-999
-1010
-1007
-1009
-1007
-1003
-1019
-1016
-1010
-1016
-1020
-1008
-1010
-1013
-1015
-1013
-998
-1015
-1011
-1011
-1014
-1013
-1012
-1010
-1013
-1010
-1006
-1003
-1018
-1007
-1016
-1007
-1006
-1011
-1012
-1022
-1007
-1015
-1010
-1015
-1008
-1009
-1009
-1018
-1002
-1010
-1005
-1010
-1012
-1014
-1008
-1011
-1011
-1012
-1014
-1014
-1002
-1013
-1007
-1005
-1011
-1010
-1013
-1012
-1011
-1011
-1014
-1012
-1003
-1010
-1016
-1006
-1010
-1008
-1012
-1006
-1005
-1004
-1005
-1024
-1006
-1028
-1041
-1016
-994
-1019
-1015
-1001
-1013
-1006
-1013
-1012
-1013
-1014
-1006
-1015
-1005
-1016
-1001
-1024
-1007
-1006
-1016
-1010
-1010
-1004
-1014
-1011
-1004
-1011
-1009
-1012
-1009
-1005
-1007
-1010
-1010
-1007
-1012
-1011
-1024
-1014
-1004
-1016

