0
0
-6
-15
16
-3
-23
19
6
1
-12
-24
15
1
26
-11
11
13
-11
9
21
-13
-2
4
12
-23
-13
-13
-2
-8
-45
-16
21
-28
12
21
-11
-27
-3
16
-28
10
-13
-7
-10
-24
-11
-2
9
-19
-18
-24
-31
-4
-5
-11
7
3
1
-9
-9
-8
25
-7
0
-28
-3
8
-16
9
-13
-28
-10
-9
-1
-3
-7
10
-3
1
-6
-22
-5
18
12
-40
-12
12
-20
18
-6
3
-32
-5
-27
-22
-9
6
9
-35
-20
-8
-19
-21
8
-41
-4
17
18
-8
-9
-4
-28
-13
-19
-6
18
-4
-2
20
-29
-8
18
-7
3
13
-21
-18
6
-5
-30
-14
-5
-35
1
0
9
20
15
4
-3
-5
-17
-5
-1
19
-20
-18
29
3
1
-9
-30
-14
-26
-2
-28
-3
-11
-28
13
40
-15
7
-2
-6
-31
-5
-19
7
-7
-11
5
17
17
-11
32
-10
-28
7
12
30
-22
-1
15
-3
21
-19
-17
-14
10
37
35
-21
-13
9
-24
33
6
6
2
-6
-25
-9
27
-3
-6
-9
18
-25
18
-34
-48
-9
-25
45
1
8
-13
-18
26
2
-15
23
-4
-2
-9
-21
-4
-9
-6
-16
-15
-19
15
-6
-20
-11
-14
33
0
-31
0
-33
-16
-7
34
10
-16
-44
-14
-1
-23
-14
-32
12
-14
0
17
-27
-9
-1
-8
9
-1
-13
-3
-5
-8
0
-20
5
-3
-7
-18
-41
1
0
-14
12
-3
-16
-8
10
-11
-7
32
24
-10
-17
-5
4
1
-24
-10
-14
9
1
9
-8
7
-62
21
-22
-10
-14
-37
-9
-25
-24
1
-11
-6
2
9
-6
8
-3
-17
14
14
-13
26
-6
-26
-26
13
-52
-14
-14
-11
6
-23
-23
9
-27
27
-20
-24
-6
13
-5
-2
-10
16
-7
-8
6
16
-4
-2
-6
-12
38
0
-13
-6
-10
32
-32
-6
-22
-5
-14
-20
-10
-29
-1
-17
-21
8
-1
-7
-1
-7
-7
-17
2
-13
-46
-10
-9
14
-21
-15
-41
0
-12
5
-22
1
-17
-27
-5
-13
-14
-11
-16
-6
12
-9
-4
-1
-8
-26
-2
20
-11
-6
8
0
-25
34
9
-11
-14
-16
-7
11
-15
-10
9
1
-11
13
0
2
-14
9
-4
-32
-14
-23
-10
-19
21
-5
19
-18
