0
0
271
367
322
254
200
75
11
79
239
23
-76
27
395
974
1613
2386
3201
3824
4317
4647
4797
4768
4619
4320
4087
3749
3443
3594
4028
4400
4586
4762
5160
5778
6141
6042
5875
5839
5734
5330
4910
4520
4056
3593
3313
3114
3329
3614
3618
3641
3668
3932
4384
4634
4719
4628
4671
4904
5261
5284
5213
5031
4609
4034
3637
3452
3043
2446
1980
1739
1848
1883
1881
2055
2360
2756
3205
3354
3100
2751
2676
2899
3215
3649
4186
4910
5897
6578
6769
7064
7634
8073
8043
7698
7191
6819
6457
6275
6209
6212
6438
6873
7081
7018
7070
7103
7136
7003
7151
7211
7252
7257
7441
7558
7499
7147
6539
6028
5973
6011
5864
5740
5637
5595
5565
5314
5102
4838
5000
4917
4661
4570
4787
5032
5392
5691
5977
6279
6623
6842
7033
6996
7094
7092
7112
7049
6905
6637
6659
6638
6591
6336
5961
5736
5599
5606
5480
4956
4625
4717
4832
5101
5485
5664
5918
6146
6300
6627
6773
6308
5776
5611
5582
5429
5660
5702
5436
5353
5133
4919
4866
4964
5184
5243
5433
5704
5708
5516
5506
5658
5765
5774
5880
6092
6504
6603
6847
7321
7778
8027
8181
8580
8769
9087
9069
8852
8302
7762
7639
8091
8748
9293
9423
8863
8523
8799
9230
10381
10930
10109
8822
7790
7046
6342
5907
5957
6206
6076
5830
5076
4018
3455
3185
2744
2363
2055
1766
948
164
-396
-1090
-2279
-4181
-6537
-9373
-12642
-14825
-16102
-17156
-17685
-17505
-17762
-18376
-18207
-18242
-17764
-17079
-16238
-15469
-14518
-13718
-13133
-12861
-12905
-12780
-12875
-13461
-13778
-13510
-13125
-12651
-12633
-12287
-11773
-11368
-11032
-11709
-12672
-13262
-13870
-14187
-14445
-14543
-14589
-14208
-13755
-13040
-12195
-11655
-11202
-10933
-10913
-10786
-10116
-9731
-9971
-10605
-11036
-11376
-11467
-11368
-11073
-11151
-11253
-11142
-11062
-10898
-10566
-10203
-9971
-9811
-9696
-9811
-9984
-9936
-9812
-9288
-8491
-7696
-7318
-7501
-7652
-7442
-7240
-6976
-6647
-6676
-6910
-6980
-6845
-6898
-7254
-7479
-7088
-6255
-5206
-4760
-4696
-5018
-5176
-5304
-5561
-5970
-5931
-5412
-4656
-4327
-4284
-4232
-4456
-5114
-5520
-5275
-4901
-4509
-4221
-3836
-3859
-4456
-4634
-4679
-4608
-4319
-4096
-4177
-4160
-3554
-2541
-1874
-1617
-1725
-1562
-863
-556
-826
-963
-918
-781
-644
-269
15
-49
-403
-290
-246
65
-160
-899
-781
-118
243
57
57
-272
-270
-139
32
22
-109
-128
-53
52
-15
-154
-342
-435
-89
167
89
56
9
54
163
168
115
58
184
205
84
20
-105
27
106
8
-201
-320
-261
-187
-110
121
64
10
221
334
141
-75
-219
