0
0
-37
-22
-48
-17
-55
-65
-39
-46
-50
-18
-27
-44
-17
-49
-47
-25
-5
-35
-14
-58
-52
-55
-45
-43
-14
-19
-31
-45
-23
-32
-46
-33
-61
-49
-38
-69
-50
-37
-63
-64
-7
-33
-22
-49
-43
-23
-35
-69
-60
-67
-47
-47
-36
-12
-54
-14
-84
-28
8
-37
-23
-58
-78
-17
-35
-70
-43
-9
-34
-34
-72
-29
-47
-28
-11
-54
-45
-61
-25
-29
-3
-48
-59
-43
-56
-64
-45
-53
-61
-16
-51
-40
-11
-38
-22
-84
-51
-45
-22
-80
-50
-19
-35
-93
-30
5
-58
-29
-27
5
-35
-9
-66
-50
-33
-45
-32
-50
-101
-78
-23
-23
-26
-29
-49
-89
-62
-62
-33
-53
-70
-24
-47
-77
-26
-24
-9
-45
-58
-48
-24
-3
-38
-37
-46
10
-70
-38
-33
-59
-24
-69
-27
-44
-60
-40
-60
-50
-30
-24
-76
-36
-39
-65
-60
-49
-41
-34
-38
-75
-53
-101
-45
-67
-65
-63
-54
-21
-41
-16
-36
-50
-42
-80
-84
-36
-36
-79
-25
-58
-35
-51
-47
-42
-67
-47
-23
-50
-54
-57
-39
-43
-61
-54
-36
-39
-66
-16
-73
-37
-19
-77
-34
-17
-94
-90
-44
-6
-32
-36
-37
-78
-59
-81
-82
-48
-62
-22
-38
-42
15
-77
-35
-68
-42
-75
-85
-43
-51
-30
-54
-26
-58
-58
-30
-22
-37
-17
-48
-83
-39
-9
-66
-14
-34
-63
-41
-58
-76
-29
-69
-45
-48
-30
-27
-62
-71
-36
-44
-62
-54
-24
-26
-44
-36
-48
-67
-14
-1
-60
-53
-98
-49
2
-9
-52
-52
-65
-48
-57
-34
-49
-27
-47
-41
16
-30
-23
-32
-30
-45
-33
-51
-29
-63
-44
-4
-99
-53
-55
-70
-55
-41
-27
-80
-18
-25
-17
-56
-51
-81
-49
-43
-33
-79
-66
-44
-24
-40
-31
-61
-48
-37
-49
-21
-61
-54
-51
-62
-55
11
-26
-55
-67
-53
-34
-51
-29
-26
-44
-17
-7
-66
-14
-39
-43
-30
-25
-47
-49
-37
-73
-62
-49
-30
-16
-43
-33
3
-28
-33
-51
-26
-13
-32
-70
-38
-46
-49
-54
-31
-49
-38
-64
-60
8
-60
-44
-32
-92
-77
-27
-72
-66
-6
-45
-34
-66
-39
-86
-32
-67
-41
-17
2
-11
-74
-24
-65
-22
-20
-28
-76
-44
-41
-65
-21
-28
-103
-54
-13
-42
-34
-104
-52
-59
-10
3
-32
-47
-90
-38
-38
-67
-88
-39
-23
