
11
-20
-3
-7
-8
9
-12
-37
1
-12
9
3
-13
-25
-10
-26
-17
-20
8
79
-16
-18
-127
-261
235
235
-18
-457
-329
-1444
-1773
-4409
-8825
-10183
-10301
-11112
-9352
-7985
-8704
-9241
-7026
-2762
-2158
-3857
-5190
-6091
-8139
-7447
-4408
-3826
-3168
-3297
-3856
-4946
-7464
-10048
-7390
-3802
-1970
-1889
-3376
-5995
-6860
-5546
-1577
2087
2004
-2227
-5672
-5392
-1757
432
905
-1118
-2536
-5392
-6945
-7676
-5928
-6404
-4669
-4529
-4224
-4625
-5392
-6488
-6089
-5107
-4165
-4576
-4013
-3140
-2574
-4172
-4651
-3310
-3659
-3544
-2034
-614
-180
24
-871
-2080
-3433
-2957
-4599
-3017
-3670
-3229
-2880
-4843
-7173
-3569
-4072
-4422
-4584
-4061
-2410
-2468
-4454
-4814
-4715
-4717
-4583
-4864
-4582
-4383
-4892
-4113
-4170
-3758
-4427
-4442
-5095
-5097
-5066
-5249
-4971
-4640
-4220
-4001
-3936
-3873
-4004
-3988
-3953
-3617
-3722
-3562
-3520
-3540
-3659
-4002
-3511
-3314
-3260
-2609
-2859
-1617
-3146
-3316
-2929
-2874
-2490
-2215
-2879
-2773
-2785
-3109
-3156
-3241
-3172
-2866
-2714
-2792
-2889
-2720
-2607
-2398
-1963
-1748
-1522
-1529
-1537
-1333
-1087
-955
-668
-455
-412
-144
316
448
475
588
677
660
468
236
329
735
970
1116
1310
1503
1939
2278
2570
2595
2439
2185
2228
1930
1658
774
1051
754
655
1001
1361
2006
1584
2609
2958
3271
3231
3482
3900
3926
3630
3351
3169
3193
3299
3317
3461
3630
3503
3569
3479
3431
3524
3725
3693
3392
3103
3221
3378
3587
4024
4044
4175
5111
5150
5833
5664
5073
5138
5297
5814
5586
6642
6013
6353
6400
3934
3296
3424
3252
587
389
1826
408
999
1826
888
2537
444
1057
4556
4482
477
847
5594
8468
6036
4011
2487
3595
6509
4464
3835
1592
2905
4509
5372
1234
-447
2299
1508
-887
-1759
-1429
-2140
1500
411
-1390
394
1478
3456
7568
4271
3631
3061
2175
1517
4946
8030
5603
4069
4809
4850
8606
9481
8646
9819
10737
8445
6727
6834
6686
8282
12254
16206
14544
7819
594
2026
4827
4855
6326
8900
5975
8780
9779
10638
13908
13748
9694
8123
8561
10709
11939
11699
7426
3892
5682
5503
5739
8787
10191
6678
7825
8695
9200
11490
10496
9454
7682
6264
5839
5514
6052
5517
3514
1650
4236
7223
6618
4956
4402
5099
6662
5910
3829
3471
5768
6883
7344
8323
7454
6956
6450
5746
3981
4699
4354
5014
5450
5084
4602
5014
6609
8732
8785
6434
4918
5715
6386
5910
5563
5775
5927
6573
5775
3418
2925
4306
4780
6091
6097
6761
7833
7370
6305
4052
3802
3593
3418
5246
5106
3600
4383
4400
2526
1456
0
0
-11
-5
-17
-7
-9
3
-17
-26
-2
-8
22
-10
3
17
-11
-15
7
-18
-24
-2
-29
13
1
-3
-14
18
-33
-20
-19
-3
-36
-19
-7
0
5
8
-20
-32
0
6
-8
-3
-31
29
-13
-10
-15
-7
2
-13
11
9
-20
-11
2