24
21
22
10
0
39
4
28
-21
33
32
17
27
-3
20
23
41
0
12
37
17
24
-12
-17
7
20
-6
21
31
-9
2
11
17
-4
7
21
-16
3
6
47
34
19
55
18
16
7
27
19
-3
38
2
12
-5
4
9
39
15
-14
7
4
24
23
7
43
19
35
37
42
3
24
3
4
12
21
-5
17
5
-3
26
34
7
30
-1
13
-14
39
28
-8
-2
21
-10
-12
18
8
43
-15
8
-19
11
39
11
-29
41
10
18
-9
36
25
4
-9
33
-2
13
2
2
-9
36
24
16
7
5
3
31
29
34
31
15
0
23
-2
30
5
-20
-16
6
0
46
-8
1
4
61
-12
32
19
11
12
20
-2
32
2
8
25
3
-25
-1
36
29
15
25
18
-12
31
14
38
-2
20
1
18
-19
-6
32
-16
3
-11
-23
9
15
22
44
1
34
34
-6
-5
6
28
19
27
2
18
-11
-5
20
10
-67
10
71
7
16
11
28
21
4
51
1
22
-17
17
29
13
-1
-2
-12
16
50
50
10
12
5
33
23
-18
41
-2
22
-16
11
17
-24
-24
36
11
13
19
24
38
22
-7
25
39
7
7
5
-30
12
-20
21
6
-1
12
55
-7
7
27
-8
12
-15
9
7
38
9
35
14
17
31
29
20
1
26
45
36
13
37
19
11
-14
-14
-15
49
18
17
-20
23
-4
30
21
15
39
7
-9
43
-35
-17
6
-21
5
16
-42
25
-13
14
15
-2
8
38
15
9
7
-22
3
54
-9
21
9
30
50
22
12
12
6
38
5
38
0
15
30
20
15
-15
-22
-8
-1
-1
12
16
-10
-2
23
31
12
-4
29
12
-4
4
60
31
26
6
18
-15
15
13
12
17
-14
1
23
17
34
-3
2
10
19
30
-10
-24
2
57
9
-17
50
18
11
22
18
18
-25
-28
11
19
1
4
0
25
25
25
15
46
16
-29
-13
7
57
-7
18
39
-18
40
-14
4
16
14
39
-10
27
19
36
-7
3
31
20
8
-12
21
-14
8
-2
25
-2
34
4
36
41
36
25
7
18
12
-2
31
18
13
32
6
16
3
-16
-18
20
18
7
45
3
-5
-18
26
-24
46
43
-16
-9
27
47
35
1
-28
-28
-41
-11
3
26
-11
51
21
16
4
11
19
28
-10
-8
42
27
1
69
21
-10
11
12
11
3
21
47
9
50
2
43
29
4
6
34
38
28
-10
4
9
31
22
10
-10
9
14
-4
38
-2
31
4
17
45
12
31
21
-12
39
4
2
10
-2
31
6
26
-10
-4
3
39
18
22
2
-10
-2
15
35
0
-24
13
13
9
-17
10
18
16
-6
34
30
24
-4
16
13
6
-11
18
-62
-5
13
19
14
0
-7
10
31
28
-17
13
16
5
26
7
-6
6
29
9
-13
16
17
-13
-3
4
44
-5
22
8
25
37
7
-6
3
21
10
20
-25
2
-14
-9
-7
-4
10
31
-3
54
-3
37
-11
39
-17
18
27
-14
16
16
-10
-11
18
21
39
-1
-1
31
-1
39
-3
-21
32
14
31
3
25
-3
-11
45
16
0
11
3
-5
2
1
-1
10
-4
7
6
-8
18
30
3
-12
25
-19
5
31
13
27
-60
8
10
1
-20
33
29
14
4
-9
-21
-10
-37
13
4
37
26
32
10
-8
22
26
-4
6
26
3
-3
-10
29
9
27
41
35
29
-17
22
-12
26
21
41
-16
-9
-10
9
36
-28
2
8
6
25
1
18
-5
-16
16
-16
-16
24
-4
3
-8
29
28
4
38
24
17
11
26
27
1
8
32
-3
31
-2
1
41
11
21
-13
-8
3
25
65
-4
-17
-4
0
-13
5
9
46
36
-43
-37
0
57
62
10
10
25
37
11
22
-21
32
3
16
-27
0
-12
-6
-11
-7
48
17
32
14
23
11
-1
4
47
17
11
19
9
-8
-2
16
23
21
33
31
16
29
-33
3
29
43
-17
17
-21
-19
0
21
-1
0
2
2
5
12
-8
-4
-2
1
11
33
17
32
15
-17
17
30
15
22
15
23
43
9
17
-2
-4
-3
34
47
-7
-8
-25
20
11
17
-28
17
-42
-7
47
14
45
-10
35
21
27
28
39
-2
26
12
18
14
15
18
41
15
9
31
41
32
-20
13
5
-17
15
3
-16
-14
35
22
46
1
10
16
10
-2
-3
-8
35
4
13
26
9
7
22
17
13
33
-22
-23
21
34
-32
32
-8
29
20
-38
12
38
22
41
-23
25
-21
7
-2
29
22
-17
16
7
38
30
19
-16
33
-5
7
4
4
9
-9
14
14
5
-9
10
23
20
11
36
19
-18
47
27
61
-5
18
26
8
9
26
14
31
2
20
46
33
15
5
-2
-5
30
52
-9
12
17
2
-45
-16
15
-3
-12
4
-9
6
28
2
62
8
0
19
15
28
31
28
-17
33
11
22
21
44
11
28
21
15
-15
23
-35
50
6
1
20
22
12
-30
-25
-34
-16
32
-2
-17
47
8
-22
19
14
51
-3
10
7
24
56
15
16
21
15
35
23
14
4
34
35
16
18
5
50
25
57
22
21
-4
-25
30
22
35
52
20
24
27
1
17
11
-16
14
9
38
30
-1
31
24
14
2
11
13
14
23
4
46
-15
49
32
5
37
36
24
47
0
8
-4
15
6
11
30
-14
13
22
28
8
-28
-7
-3
47
-14
47
-2
27
-5
43
6
-13
-7
-31
27
26
2
-7
19
14
4
-3
17
40
-30
34
36
1
-3
21
-32
31
9
33
-16
-6
-15
5
42
24
8
11
17
41
12
4
8
25
-11
39
2
20
28
47
-5
0
12
-22
29
15
14
-12
15
30
-27
46
3
3
3
5
-7
-4
10
44
27
0
21
9
17
9
-14
-16
11
-17
32
-8
36
-5
17
16
30
-7
0
16
-1
-3
42
16
25
27
28
23
14
-6
30
40
0
-4
1
15
43
-24
-20
26
18
39
13
38
-29
-19
19
14
32
14
36
29
5
8
21
17
-20
-12
28
47
-21
55
1
28
43
25
20
-34
-6
11
11
25
-3
35
-4
-32
43
-14
17
-7
33
44
35
13
-8
1
33
1
20
17
8
32
26
28
10
7
24
11
-2
4
32
24
-5
24
15
-2
19
10
3
-4
7
-5
14
-4
-11
35
-22
47
-1
35
-11
4
25
4
19
-1
25
-11
17
-6
52
52
-7
32
4
71
21
25
16
-23
42
-13
-13
-1
30
-19
-13
-20
16
5
20
-1
8
7
35
-23
2
15
10
31
-6
-4
7
4
-50
22
-4
4
18
-2
-31
21
20
27
34
36
2
-31
-18
31
13
-15
18
37
-5
-1
22
34
1
23
17
-7
2
37
11
37
27
-3
45
-2
-18
0
-1
37
-27
9
17
-4
13
11
-10
-6
-14
38
1
-3
11
7
14
24
-30
18
8
58
17
29
1
31
30
36
29
12
-9
27
-8
56
40
18
25
2
-22
36
11
15
6
4
32
7
23
39
-2
16
23
15
12
51
32
25
18
13
-2
-8
24
-5
4
29
24
24
49
19
-1
4
19
24
14
43
7
21
-13
31
-9
22
-1
-1
-23
41
6
20
-32
23
13
40
10
19
34
0
32
47
10
39
37
15
-5
-4
-24
53
-4
13
2
6
6
19
48
23
46
14
-8
18
27
17
-12
3
61
14
28
23
15
18
9
32
8
2
3
4
16
9
46
-33
0
-10
46
-16
34
11
33
12
-6
-5
19
39
-2
1
38
-14
-12
-22
39
35
23
18
13
22
3
20
26
-17
28
2
4
5
26
-23
45
32
32
28
2
1
15
26
3
-3
-10
-5
-47
18
-6
4
4
12
39
42
-7
33
14
57
-22
20
4
-14
-1
22
59
44
8
30
67
5
-14
-8
21
-9
-2
25
22
-11
49
11
14
-19
-3
-7
2
50
42
-4
46
16
0
18
-21
25
30
-14
9
7
-5
31
-8
26
2
5
-12
37
7
28
6
0
47
23
15
28
35
-28
-1
9
-2
30
34
12
16
37
-17
-5
-15
-11
-8
3
22
32
-8
9
3
32
17
-34
-2
-30
5
-36
25
36
11
-5
10
-13
12
9
0
29
-3
-27
-18
8
-29
-2
26
10
14
17
44
18
33
-32
21
-17
17
-14
-1
9
5
46
-23
60
-1
41
27
-3
12
49
36
1
-8
35
15
-1
23
-12
-25
18
40
-3
41
4
26
14
11
16
12
36
21
41
1
11
-1
19
48
-24
11
-23
23
63
-1
12
-31
24
-17
18
-19
29
31
-39
7
-7
33
2
8
30
42
30
8
0
4
13
1
-4
-19
-1
-33
3
-20
30
40
48
20
-5
23
33
-1
19
22
-20
4
21
-8
27
15
15
17
7
-2
19
-10
10
-3
-26
19
-10
3
-13
8
-12
44
12
5
30
14
-15
18
-7
-16
59
-2
18
6
24
43
-22
10
-9
-1
34
8
-6
2
16
9
-19
24
40
14
23
33
19
7
44
-13
7
39
-11
7
45
-16
25
-5
6
44
-8
16
21
41
-27
-28
5
3
30
-3
17
-4
-4
32
31
16
1
7
18
9
36
-7
25
12
-23
-21
61
-17
6
31
-6
-11
-32
20
-9
-14
48
-18
30
-10
10
8
-22
28
11
20
5
9
-30
31
35
0
5
10
15
8
44
27
-8
-12
16
11
32
48
24
30
63
-2
0
26
8
29
9
31
-11
0
37
32
-13
9
29
6
48
-23
-9
-7
10
31
39
-9
6
-29
-43
35
23
26
-25
-1
2
-24
-20
-21
19
-6
-6
0
32
-6
-13
-44
-22
30
18
2
-1
2
29
11
-6
28
39
41
11
46
37
1
30
21
-18
12
5
19
23
3
15
33
-11
18
-1
-10
47
6
24
3
44
40
16
15
12
33
8
-2
3
8
27
-38
-12
-1
-3
36
20
-7
-10
37
37
33
11
-15
25
47
-4
0
-2
45
28
8
-7
0
18
-3
21
-28
36
36
12
22
25
36
32
11
31
-9
22
-27
22
19
44
18
-11
38
15
16
5
41
12
65
50
23
14
14
