
-13
33
17
54
-25
-6
43
17
-17
38
18
5
0
11
16
10
18
40
47
-26
8
18
21
19
679
1673
1408
678
673
1287
2263
2673
3184
1752
1201
681
1816
2944
2779
2034
1476
1452
1734
1870
2063
2445
2466
2471
2366
2617
3006
3191
3201
3606
4055
4816
5302
5319
4911
5145
6138
7210
8302
7681
6966
6432
6544
6617
6107
6289
7021
7775
8234
8486
8605
7821
7378
7401
7448
7981
8324
8098
8110
7513
7586
7544
7926
8321
9330
9044
9417
9750
9880
7959
7358
7117
7532
7680
7823
8316
9546
10108
9241
8110
9670
9187
9204
8732
7165
7092
9150
11264
11232
12268
13558
12589
9710
9426
10072
9444
7380
2595
4552
3749
2749
2743
3227
3526
4014
5211
9605
10952
9059
8081
8478
8728
9991
8864
6653
7001
7835
7787
6378
4943
4009
3998
4526
5492
5503
4770
5442
5025
4279
5659
6580
7282
7189
6272
5626
7330
9397
10221
10317
9543
8305
9160
9718
9025
6893
5748
5849
6057
6405
7048
7069
6698
6347
6649
7215
8191
7704
6194
5310
5157
4948
5132
5795
6315
7657
9306
8787
7486
4941
3656
3542
3628
4622
5015
4603
4481
5859
7544
8304
7535
6414
6337
6747
6793
6782
6885
7742
7503
6913
6083
4858
3348
2144
1263
755
364
76
-17
14
-4
-60
-596
-1067
-1410
-1799
-2127
-2478
-3124
-3523
-4054
-4760
-5790
-6428
-6607
-6671
-7515
-8182
-8020
-8485
-9388
-10738
-11562
-10012
-9496
-9928
-12232
-14099
-11315
-10692
-10697
-10872
-11301
-10106
-10116
-10575
-10640
-9456
-8663
-9483
-9943
-9505
-8695
-7942
-7971
-7835
-6028
-4997
-5718
-5649
-5681
-6665
-8103
-9150
-9431
-7915
-4377
-3685
-4332
-5841
-7937
-9299
-9304
-9564
-9736
-9657
-10345
-9904
-9740
-9138
-8615
-9720
-11003
-11996
-12859
-14949
-15995
-17358
-18247
-18999
-20377
-19678
-20199
-21719
-17146
-15431
-14582
-13315
-14603
-15516
-14930
-14353
-13053
-13406
-14426
-15215
-14914
-14817
-13385
-12362
-12440
-11827
-10786
-9492
-8689
-8355
-8931
-9448
-9724
-9123
-7833
-6219
-5121
-5148
-5107
-3713
-2823
-2542
-2431
-2609
-3419
-4783
-5389
-4696
-2236
-855
-804
-1369
-2937
-2963
-2793
-1982
-1380
-2021
-2665
-2072
-1193
-816
-1288
-1158
-725
-270
-373
-509
-1299
-2005
-1352
-571
-148
-113
-222
-195
-275
-199
-120
-88
7
19
-11
5
7
37
51
41
-2
-5
-11
-15
4
14
16
24
21
-8
0
35
26
28
12
16
24
14
7
3
21
2
32
27
26
-27
30
-11
26
17
-21
29
35
2
-1
-26
-17
-3
-22
20
24
18
-24
19
25
-23
6
29
33
