0
0
-25
38
21
28
10
9
24
23
39
27
-37
4
15
19
14
54
42
42
7
4
-55
-1761
-2409
-2933
-3453
-3598
-4044
-4371
-4179
-3638
-3361
-2990
-2739
-2915
-3611
-4260
-4761
-4662
-4298
-4246
-4634
-5460
-6469
-5939
-5467
-5082
-6102
-6294
-5984
-5986
-6002
-6243
-7612
-8390
-8086
-7903
-8119
-7344
-6841
-6695
-6421
-6302
-6309
-6949
-7941
-8044
-5834
-4376
-5438
-7094
-8471
-9586
-8013
-6497
-5563
-5543
-5828
-5987
-5259
-5100
-6763
-9150
-10289
-10543
-11098
-11423
-13632
-15734
-15049
-13478
-12556
-12278
-11564
-11830
-14180
-14840
-16760
-19105
-17301
-16732
-15904
-16514
-15925
-14466
-12408
-11081
-9549
-9198
-8507
-9616
-10275
-10260
-9990
-9030
-7958
-8334
-9317
-8991
-9319
-9604
-10001
-10414
-10501
-10165
-8101
-8320
-9770
-10595
-9376
-8536
-7861
-7739
-9642
-11552
-13879
-15174
-14196
-12868
-14334
-16408
-15874
-12438
-8441
-6895
-7248
-8141
-6945
-5025
-7028
-10156
-11687
-10124
-9706
-10413
-11003
-10011
-7151
-4204
-2825
-2834
-2572
-1781
-996
-1003
-94
49
27
59
512
634
520
504
386
103
29
114
41
32
59
6
5
-1
23
11
20
22
28
48
31
-1097
14
36
1745
5139
7102
7800
7428
6910
7087
8932
11399
12613
12695
14166
15427
17406
19205
18725
17947
16968
18177
17857
17621
15565
12576
11574
11993
12639
13049
11938
11286
11486
12869
13690
13816
12826
12311
12663
14269
15422
15315
13860
13843
14175
14778
15123
14171
13570
13036
13826
11884
13634
12401
12920
11756
10258
9600
8724
9561
11920
11703
10516
9431
8876
9314
10357
10790
10925
10380
10682
10641
10945
10784
9814
9397
9813
10981
11550
9887
9275
8546
7967
7987
9336
10428
10449
9547
8315
8235
9701
11055
10569
9423
7622
5951
5568
6559
7181
6848
6401
5853
5326
5112
4904
5094
4561
5662
6209
4468
2978
2748
2044
1188
411
54
46
3
8
-4
22
-3
29
18
10
7
6
-13
1
5
1
34
2
-12
8
-1
-4
15
33
1
18
24
12
-3
26
23
23
4
-7
-7
35
14
39
-13
27
14
18
-2
22
26
15
61
22
5
-7
50
2
9
42
61
18
14
-2
2
23
63
39
28
37
6
66
27
-16
40
23
14
33
12
21
16
6
8
0
10
37
20
-36
22
0
43
40
37
10
7
34
35
6
37
-4
24
-18
7
10
17
39
69
51
6
2
4
21
12
-11
18
25
22
18
32
26
24
21
41
53
15
-16
-15
31
32
38
68
14
0
7
11
13
18
26
17
