19
-15
-14
-10
5
9
-13
-12
-12
17
-18
25
11
2
-11
14
-1
-16
19
4
-42
-23
16
14
-7
18
12
8
-32
-22
-3
18
6
-30
17
7
-3
-25
3
5
-8
-21
-23
-10
-13
5
-28
6
21
5
-12
8
13
4
-14
7
-5
-17
3
-10
2
-5
-5
-13
11
-15
-7
19
-5
-25
-7
21
-10
-15
-33
-45
6
13
31
-28
-9
-3
17
-5
-33
-8
-8
2
16
18
-20
-3
2
14
32
20
11
-6
-16
5
-11
1
-5
-31
10
-24
-42
15
0
14
6
12
-57
-28
-1
-6
-12
-6
-14
15
-5
-18
-24
-4
9
9
-25
-16
-6
27
-1
-7
9
14
-33
8
-19
5
-7
-19
-12
30
8
3
-9
34
5
-25
-16
-12
-30
-2
22
43
-30
3
4
11
-9
29
-16
-7
-26
-7
-19
-2
-1
-26
-7
-5
17
7
-19
0
-33
-9
1
14
-38
14
-4
11
13
-9
-23
-8
-25
3
16
-32
5
-17
15
1
-29
6
-15
-32
1
2
-24
3
-18
-9
-7
-11
-11
20
11
-22
-36
-15
-24
-10
30
-1
-9
17
-22
21
19
2
18
-13
-17
17
-3
-10
-5
15
13
6
-12
-36
4
-9
4
15
-35
0
-8
-4
-16
-6
6
3
-28
-2
-11
-44
-45
-9
-28
42
-8
19
10
4
-34
0
-2
-13
2
-17
2
1
-7
-12
-11
14
-5
-1
8
-17
-10
-2
-12
12
8
23
37
-29
-5
6
-5
8
-5
9
-18
-28
-6
10
19
-8
-19
-9
-26
-11
-13
-9
7
-28
-9
0
-18
-14
-7
7
-10
-14
5
-6
19
9
-14
27
11
-10
-4
8
4
-24
3
-4
9
-13
10
-26
-15
21
11
17
-23
-18
-42
1
-1
-12
-16
-47
21
-10
-2
10
15
21
13
-19
-15
-28
3
16
7
5
8
-11
-7
-1
20
16
1
-1
18
-5
22
2
-18
23
-28
-3
10
8
-28
26
12
0
-7
-8
-18
-18
2
-11
27
-19
-4
-5
34
-11
-34
-6
13
-21
16
-7
1
-20
-6
9
-14
2
13
-4
-5
4
-14
-3
-20
-12
-17
-13
-28
-20
-19
1
-7
-2
-19
13
9
-7
-22
-4
-10
-8
-2
-1
-24
-9
-22
-16
18
6
-4
10
-1
-18
4
-4
8
-27
19
-5
-6
-16
-16
12
-13
9
3
-5
16
-2
13
0
7
-20
11
-4
-8
27
1
0
8
1
6
-25
40
1
-12
-13
5
6
-26
-33
-22
-17
-18
1
-8
-27
-11
3
-8
-20
-11
-9
-17
0
-20
12
-11
-26
-22
7
-10
-19
2
-28
-24
17
2
-14
-9
-29
0
1
17
-24
-13
-31
-32
-18
-1
-10
-11
-5
1
12
21
4
-11
-16
-9
-13
-10
-17
7
-12
15
-14
5
-19
-22
-9
-42
-2
3
6
-10
8
15
16
36
-10
-2
-15
-5
-10
5
6
-5
-5
23
-7
-7
-17
-3
-26
-21
10
-7
-16
-2
-6
21
2
14
6
-16
0
2
8
6
6
-25
-2
-9
-8
-19
-16
11
15
-13
1
-31
-26
-32
-4
12
-4
19
11
-16
-21
25
6
23
-30
18
-15
-10
-5
-24
-8
-42
-9
21
27
11
-7
-11
-5
-19
-9
12
-15
29
-18
7
-29
25
12
-14
-7
-10
11
-12
3
-24
-1
2
13
-8
-13
-16
-24
14
3
16
-6
5
6
15
-18
20
-30
16
-20
5
-34
-5
-7
-25
-10
-16
14
-19
-17
-10
17
8
5
-25
-4
6
9
3
8
10
-30
-40
0
29
-34
10
24
26
0
5
-10
-11
-14
28
-32
-32
8
0
18
0
49
-24
-1
-13
25
3
-20
5
10
0
2
10
-2
-18
-24
5
-14
-8
-6
-17
12
-12
11
6
-28
-12
14
2
-4
-14
-25
-11
-17
-27
21
17
-16
2
0
3
3
11
10
-21
2
-21
-7
-10
-6
-14
-3
-3
-15
14
-8
-9
13
-12
8
19
6
-3
-7
-18
2
-26
11
-12
-20
18
-21
8
9
7
-11
-2
-3
-25
-1
-20
-33
2
6
-17
-11
-29
12
1
12
30
1
-22
-34
-1
-10
21
13
5
-19
-3
-27
0
15
23
-4
-19
-24
-2
-26
-18
-13
-19
-19
-18
8
13
29
-19
27
-20
-3
-1
14
21
-14
7
-5
-5
6
13
-5
-37
-6
-16
27
-26
-8
32
11
0
-16
-19
17
-23
15
-22
-19
-3
-12
-8
16
-49
0
-7
-24
-3
1
-8
0
-5
-16
0
1
-15
-19
-2
-12
-14
-10
-18
-27
-1
6
-26
-12
25
-14
3
15
-22
-2
13
-5
9
-9
-8
-6
-26
-3
-34
8
13
15
4
-10
-9
7
28
-6
-14
4
-11
2
13
-1
-39
-12
-23
8
-2
-26
-15
-13
-10
-11
3
-37
6
0
3
3
-1
9
-29
-2
4
12
2
15
0
-11
-21
-6
1
23
1
-10
-31
-1
18
-14
-9
-5
-16
26
3
-3
-14
6
-7
-24
10
-26
0
34
-9
13
-6
20
-5
-2
10
-3
-11
5
-9
11
-25
18
-4
-12
-2
0
12
-30
18
-11
-24
23
-21
-15
-4
-14
-5
-11
0
-7
-18
-12
7
19
-19
-10
15
-2
-13
-10
-1
-18
-36
7
-32
27
-1
8
6
-23
-4
-1
20
-1
16
3
-35
-8
-3
7
-5
2
13
11
-7
31
-21
21
-20
-1
-19
4
-10
-5
-23
-21
-25
1
-14
-10
0
-2
-1
-1
2
0
1
-32
-17
-9
-11
-2
-30
-15
4
-32
-4
-30
11
-12
-48
9
12
-17
-45
-32
-19
10
-21
-1
-9
3
-17
17
4
-31
-9
19
9
-12
14
-6
9
2
-10
17
-7
-7
-2
-16
6
-6
0
0
-21
4
-15
12
15
-23
8
-1
9
-18
15
-32
10
2
-15
1
27
-25
8
-4
-15
-25
2
-1
23
-2
7
-25
-26
10
-19
8
-4
0
-10
-6
-6
-17
-5
-10
-9
-22
-25
-13
12
-8
-4
6
-4
-3
10
14
11
5
10
-7
-8
-2
7
4
10
-21
11
21
-19
-28
-6
5
4
1
8
-20
-32
4
-19
-8
-35
-23
-19
-24
-23
-34
0
-31
-4
-4
-29
24
-19
25
1
7
0
0
0
20
21
1
-8
-27
-3
-15
-7
17
2
-15
-29
6
-25
-12
-8
12
4
19
-5
15
-6
-16
-17
6
32
11
-1
12
8
14
15
-12
31
-2
-13
9
-6
-4
16
-12
-10
-13
12
-9
-3
-35
7
-7
-10
-17
-2
13
-19
-8
2
-1
-24
12
-7
-5
-23
-10
11
-3
-20
17
-6
11
5
-22
-9
5
-15
5
-19
-1
11
-22
-6
-10
-17
-12
-1
-10
-33
-33
-2
-26
-6
17
-56
1
-12
10
7
-4
5
-7
6
-8
6
-23
-21
-14
-34
-19
-5
19
-3
-8
-10
-33
-14
-10
1
-10
-8
-6
-7
-9
-4
16
0
4
-14
41
-8
0
17
12
4
23
-9
-29
1
18
-15
-11
-5
5
-9
7
-5
14
-41
-13
-37
-25
-18
-1
4
14
-7
-13
-6
-6
0
10
-21
-29
-18
-9
3
-18
15
7
-11
-6
1
-26
10
7
-14
-4
6
1
-1
1
2
-2
-16
-19
-14
12
-6
-8
-14
3
21
0
-12
-1
-10
-21
-10
3
4
-26
-2
-27
-14
-5
-12
1
-33
-18
-24
-26
17
-10
-17
1
6
-20
-14
17
2
-31
8
4
12
-24
-7
-3
-18
-32
-20
-10
-25
23
-38
0
-4
-22
15
-4
-5
0
-39
-32
-11
1
-2
39
-13
-1
-11
-2
-5
-37
2
14
9
-4
16
-32
0
-13
-17
-5
-25
26
-8
27
0
-17
3
-3
30
10
14
3
4
-37
-7
34
15
3
-7
-25
-4
1
23
-42
-3
-2
10
19
-30
3
-5
20
-7
-1
-8
5
-13
-18
17
-19
18
-30
-12
-12
-16
-7
8
24
10
16
-3
-4
-6
3
10
8
-20
-8
-12
5
-9
-7
0
10
-16
-18
-2
1
-26
-10
-33
-32
3
-9
-7
21
4
-7
5
9
-14
-11
13
-12
7
-31
11
-5
-3
-9
-26
3
7
-7
-12
-25
8
-12
5
-21
14
-15
-9
-17
0
1
-12
-11
-28
9
-10
-14
11
5
9
-25
-1
-16
-28
-32
21
-20
-6
6
11
-9
-5
9
13
-27
-32
-18
2
-15
-15
-13
-15
-20
-26
11
-21
-10
-11
-21
-30
-17
-3
-1
-9
-19
-1
-17
1
-39
22
14
6
-20
4
-29
-13
-3
-33
23
-30
-19
-20
-17
2
-14
-9
6
-19
-20
-29
-10
-6
0
-21
-4
-2
-21
-9
-17
24
0
25
-5
-5
0
-17
9
17
-15
-6
-8
22
14
11
2
6
-11
-4
10
-9
-25
15
-9
-12
10
4
8
11
27
25
20
-17
3
-1
-4
9
5
-17
-7
-1
5
6
-10
-16
8
-32
-18
-44
10
9
10
9
34
9
1
-18
-38
-12
-9
-32
1
-40
15
-33
-8
-22
-27
-21
-2
-8
3
-23
6
16
-8
-1
-28
-35
-4
-15
-11
-16
-19
-22
-17
9
6
-32
-14
24
0
5
2
19
8
25
36
-31
-2
2
-29
10
-18
-21
-20
-1
19
1
-29
24
-16
20
-16
28
-7
18
12
-11
-1
-11
-12
10
-1
-19
-8
-26
1
6
-17
-18
8
-29
23
13
2
-28
-6
8
-5
-16
3
2
-14
-17
-6
-13
-8
9
-19
-2
50
-3
-4
0
2
-14
-12
-18
-8
-8
7
23
-21
-6
-15
12
-6
10
-3
-17
4
-28
-7
2
-28
-45
-30
-26
-18
-12
-11
-4
14
-12
-10
-6
9
-48
19
2
-20
30
-16
4
-21
2
-10
-22
-26
-23
-7
-12
-8
31
-17
7
14
-12
-26
6
7
-13
-37
-25
17
-11
-8
11
-9
-16
-21
9
-17
26
22
-4
-9
-3
-7
-24
13
-6
11
7
-9
-9
-2
-17
-1
10
21
-1
10
-14
-22
7
10
-16
23
-5
-7
-6
1
4
-6
-10
-9
-7
-9
-6
12
-3
-7
-21
-19
-16
1
-29
-2
-8
-29
-15
-5
-8
14
10
-24
0
11
-28
8
-6
-5
14
4
-57
14
16
-24
-11
6
-2
-7
7
-12
-21
-21
-1
-5
-10
-5
3
7
-20
-24
2
42
-31
1
1
-1
-10
21
-10
-2
-30
17
-12
-1
-16
-30
9
-12
-8
-27
11
-22
6
-7
-31
-7
-15
-2
-20
-33
2
-29
-28
5
-34
-14
-9
-1
-27
-27
2
-13
22
3
12
-19
-19
-7
-11
-18
-31
8
-13
4
-20
3
14
-15
-8
16
-2
2
-7
-6
-8
-22
34
-45
-3
-32
-11
4
-34
7
-18
-4
-13
14
0
-20
12
-23
1
-5
15
-36
-25
-8
-20
-14
0
-7
-12
-32
5
-20
0
