0
0
16
37
1
36
9
32
39
38
34
38
37
21
24
5
24
32
-4
22
-5
5
17
13
-2
-7
24
-6
49
-12
11
31
8
40
-19
6
43
8
11
31
0
29
19
20
-16
6
37
38
9
-20
10
43
6
5
18
4
40
7
-14
28
-48
-24
-23
-13
4
-8
-11
-39
18
-4
35
23
7
0
8
41
13
36
-9
25
14
17
22
18
21
11
-3
14
16
19
15
9
26
4
-10
-45
-16
18
-7
6
11
21
19
14
24
50
-1
13
-10
49
-8
52
-33
13
-30
24
6
9
7
24
7
0
6
14
26
-16
20
31
2
33
13
-16
-4
43
-12
43
15
46
3
28
-27
-21
-5
30
-16
24
1
38
46
-15
-5
16
-5
-19
41
9
15
1
6
7
0
49
17
5
0
-8
1
-20
-12
12
-18
-1
-11
-13
26
16
29
28
-16
52
45
-19
0
8
23
6
32
-3
-42
-10
-3
44
19
40
18
29
39
-9
21
12
-8
25
55
36
-5
28
22
-8
32
-4
34
28
-5
-36
-18
6
3
13
13
43
15
-2
-45
7
42
13
-14
29
3
-11
24
27
7
-14
-42
20
20
26
20
16
46
-24
-17
-43
-9
37
12
5
63
7
33
-8
13
-24
-2
36
2
-14
-3
4
10
-21
28
13
39
9
28
23
-18
38
-21
16
10
-14
-26
-7
-20
-25
7
35
31
13
-23
42
-32
10
-39
16
-30
21
-18
-11
40
17
32
-29
10
-12
-10
17
-16
26
25
10
49
-5
26
-17
-17
29
0
31
-14
22
37
9
26
5
16
4
20
6
12
9
-16
4
1
-25
20
14
21
-20
25
27
4
-10
45
16
13
-7
28
32
40
35
0
30
68
7
2
-2
0
-8
-29
9
25
-12
20
-3
-21
17
42
69
16
20
24
36
1
50
34
-4
17
21
-12
0
54
47
21
46
14
8
25
-14
12
0
-8
59
-10
10
28
-31
-2
22
-1
3
14
-37
-5
-15
22
18
-15
20
1
35
3
31
18
4
-4
12
11
-21
18
4
19
-32
18
9
-8
15
-8
19
-10
24
-3
20
-5
42
-17
6
-10
-11
34
-4
30
-4
-4
21
-11
