0
0
-55
120
202
-40
-165
390
207
643
120
257
-186
-413
-236
-479
-1119
-390
-2380
-2935
-1585
-2524
-8765
-12946
-12639
-14562
-16351
-13057
-14673
-15926
-11858
-13938
-13405
-14127
-16221
-19354
-18160
-16679
-17819
-17665
-20813
-22205
-27559
-23174
-14657
-12184
-15416
-16582
-26636
-32767
-24743
-15419
-16722
-19288
-24085
-29359
-25201
-22241
-20116
-19023
-18910
-18535
-20438
-14729
-14957
-15330
-14487
-16192
-16650
-14913
-10077
-10654
-13210
-13432
-12304
-8265
-7241
-11270
-13882
-8642
-6689
-8463
-9444
-11235
-10160
-7321
-7969
-9133
-10464
-12869
-9909
-6755
-8368
-9849
-12190
-13127
-10899
-8387
-11396
-9568
-6812
-6017
-8183
-7256
-7458
-8028
-4883
-3062
-2462
-1682
-1187
-2517
-3789
-2031
-1857
-1978
-2120
-3740
-1813
-932
-2189
-1954
-2438
-3612
-2541
-916
-1781
-2177
-3061
-1867
-493
2160
5999
6212
5908
6344
7772
10308
8853
9178
12231
9373
10551
11620
13612
17766
22077
19404
18266
20216
19197
17289
14370
10518
9984
11135
10788
9433
6769
9386
9830
15645
15404
14992
11628
10932
14606
13904
15288
16057
13839
11232
11800
9080
8940
10866
9203
4710
6080
9441
12437
16508
16809
14061
10598
10399
12847
16787
24958
25666
14575
4377
2697
7131
11867
15408
16028
12986
11183
7130
7736
8869
10355
13035
14440
12614
8472
8286
8736
9161
9588
9091
12066
13135
10516
8523
7817
8803
10769
11018
10315
10383
7444
7608
12537
17303
17668
15809
13757
12823
12331
10611
11347
10995
6920
5672
1887
-112
2235
4286
4661
2654
3226
2115
126
-2543
-2273
-2049
-451
386
-621
-278
-865
-625
-722
11
-325
-925
-1149
-1227
963
113
373
353
1061
459
-555
-427
-12
-480
-369
-84
169
298
355
-923
-348
-354
-167
261
373
238
-102
-351
83
-41
-44
-177
-617
-358
217
-104
-467
-282
-130
53
35
246
67
419
-153
80
-193
-177
-367
-324
172
-453
-561
81
-683
-600
-887
-141
-977
-1132
-1250
-1379
-596
-709
-412
-513
-839
-319
145
952
550
-303
-412
-46
214
717
331
452
-80
-469
-260
-508
-76
111
149
-371
-774
-369
-9
212
301
-124
83
497
200
-568
-493
-781
-391
-650
-679
-93
-192
223
-231
-439
300
20
76
-138
500
567
129
-265
58
530
255
-60
97
201
-160
176
295
423
-308
-743
-870
-14
249
-48
329
210
-84
-684
-261
-520
120
110
-313
-79
347
-40
275
185
109
58
-205
-433
-291
187
-189
430
-163
-138
-296
-764
-608
-368
41
121
-220
-167
-42
44
-16
-162
-110
-457
-259
-459
-486
-804
-98
268
487
327
-93
-210
-367
-60
-460
-78
-107
