-40
-60
-18
-58
-20
-76
-86
-58
-53
-55
-37
-67
-46
-18
-28
-36
-34
-63
-53
-74
-27
-48
-41
-44
-73
-36
-42
-37
-48
-35
-44
-58
-19
-42
-44
-31
-54
-54
-53
-48
1
-22
-15
-62
-9
-91
-57
-5
-55
-61
-52
-60
-44
-24
-71
-52
-15
-67
-55
-35
-46
-30
-35
-26
-43
-64
-30
-78
-24
-25
-12
-68
-12
-30
-22
-34
-23
-56
-19
-48
-72
-41
-26
-41
-27
-57
-58
-63
-73
-26
-56
-71
-17
-36
-39
-70
-79
-78
-71
-54
-25
-45
-10
-43
-14
-27
-23
-37
-22
-25
-43
-30
-50
-23
-72
-50
-4
-24
-37
-46
-13
-27
-63
-29
-31
-57
-85
-31
-96
-48
-58
-80
-84
-26
-32
-53
-30
-38
-9
-34
-29
-48
-33
-41
-28
-43
-66
-44
-62
-42
-62
-59
-17
-42
-40
-55
-24
-41
-25
-17
-59
-12
-37
-34
-62
6
-7
-37
-45
-37
-27
-17
10
-45
-53
-14
-59
-9
-37
-66
-28
-14
-23
-55
-52
-37
-10
-42
-10
-69
-43
-39
-85
2
-39
-14
-51
-35
-42
-27
-17
-21
6
-61
-30
-12
-12
-40
-48
-41
-90
-65
-63
-22
-38
-24
-84
-19
-29
3
-19
-77
-63
-46
-43
-72
-54
-31
-17
-65
-51
-39
-77
-29
1
-6
-26
-46
-44
-13
-52
-43
-80
-79
-36
-41
-70
-15
-64
-32
-33
-40
-60
-30
-22
-61
-75
-37
-44
-27
-93
-20
-16
-52
-21
-39
-41
4
-39
-1
-50
-36
-60
-82
-30
-80
-49
-60
-42
-17
-84
-10
-49
-25
-30
1
-65
-32
-59
-50
-66
-71
-25
-41
-38
-37
-96
-75
-40
-55
-29
-31
-71
-19
-48
-32
-103
-9
-28
-48
-73
-29
-67
-36
-24
-45
-42
-83
0
-48
-32
-49
-52
-76
-7
-21
-75
-25
-74
-29
-30
-72
-34
-10
-53
-65
-39
-73
-54
-39
-59
-70
-38
-19
-83
-46
-41
-60
-33
-30
-40
-59
-32
-91
-69
-19
-16
-31
-29
-49
-54
-32
-27
-65
-17
-53
-79
-46
-61
-33
-33
-36
-70
-66
-62
-40
-9
-60
-34
-54
-23
-59
-50
-95
-89
-68
12
-66
-48
-50
-27
-10
-75
-45
-52
-45
-28
-29
-51
-20
-39
-62
-84
-21
-27
-13
-70
-71
-63
-7
-43
-57
-39
-40
-50
-58
-40
-76
-45
-85
7
-10
-4
-29
-49
-13
-45
-9
-67
-24
-73
-57
-39
-90
-62
-52
-96
-96
-40
-21
-56
-53
5
-19
-88
-15
-76
-62
-52
-64
-83
-13
-28
-38
-37
-68
-58
-54
-54
-32
1
-24
-65
-42
-58
-4
26
-55
-25
-50
-39
-34
-98
-57
-39
-59
-54
-15
-29
-14
-84
-27
-41
-61
-59
-28
-42
-57
-72
-66
-53
-40
-31
-36
2
-39
-38
-37
-49
-1
-19
-18
-77
6
-38
-15
-71
-69
-55
-52
-50
-42
-86
-60
-31
-71
-95
-46
-75
-42
-1
-13
-64
-77
-63
-15
-42
-32
-21
-34
-41
-26
-34
-28
-3
-28
-37
-59
-42
-85
-23
-68
-83
-59
-52
-56
-29
-106
-51
-63
-70
-40
-69
-56
-40
-30
-30
-53
-72
-32
-32
-66
-26
-32
-39
-43
-24
-71
-17
-13
-11
1
-63
-29
-35
-33
-6
-72
-60
-46
-2
-12
-27
-61
-42
-39
-49
-50
-14
-43
-63
-37
-42
-52
-48
-26
-33
-8
-39
-21
-61
-59
-40
-37
-22
-29
-59
-38
-66
-46
-35
-32
-67
-47
-41
-35
-72
-49
-51
-7
-48
-36
-9
13
-67
-32
-66
-64
-58
-26
-11
-69
-44
-1
-30
-30
-119
-58
-63
-42
-47
-12
-29
11
-43
1
-61
-45
-52
-15
-12
-54
-30
-50
-48
-42
-45
-47
-28
-27
-46
-5
-25
-62
-64
-44
-57
-33
-40
-25
-35
-53
-55
-42
-16
-20
-35
-50
-41
-19
-43
-2
-40
-42
-21
-44
-54
-84
-54
-70
-65
-82
-33
-43
-35
-38
-47
-31
-51
-89
-26
-58
-13
-51
-35
-62
-28
-13
-52
-40
-33
-54
-6
-21
-47
-49
-1
-25
6
-41
-73
-44
-39
-30
-67
-8
-35
-6
-59
-18
-64
-40
-11
-70
-7
-18
-82
-13
-15
-65
-11
1
-59
-27
-73
-20
-45
-16
-89
-71
-29
-39
-49
-83
-38
-24
-11
-56
-31
-15
-48
-61
-65
-50
-19
-79
-40
-48
18
-59
-39
-37
-40
-39
-19
-7
-11
-40
-49
-43
-76
-54
-73
-35
-78
-86
-70
-51
-19
-21
-49
-72
-92
-64
-65
-35
-52
-75
-21
-50
-58
-25
-15
-46
-36
-65
-21
-41
-6
-57
-49
-56
-8
-82
-58
7
-82
-61
-51
-60
-56
-67
-30
-50
-44
-63
-84
-68
-68
-29
-65
-18
-59
-55
-12
-59
-29
-54
-78
-48
-16
-37
-38
-18
-10
-47
-19
-60
-51
-83
-58
-29
-65
-27
-38
-80
-47
-32
-16
-33
1
-51
-20
-32
-46
-23
-47
-32
-30
-49
-40
-54
-56
-78
-8
-74
-67
-71
-73
-44
-44
-47
-70
-11
-5
-41
-41
-48
-42
-75
-53
-52
-40
-32
-54
-47
-72
-11
-11
-41
-57
-53
-25
-61
-49
6
-7
-41
-32
-48
-52
-57
-19
-41
-70
-35
-32
-29
-47
-13
-23
-23
-64
-51
-64
-92
-43
-4
-14
-40
-39
-67
-19
-65
-19
-16
-23
-62
-67
-22
-61
-64
-36
-38
-25
-52
-17
-63
-52
-27
-10
-44
-89
-31
-15
-35
-52
-57
-38
-39
-31
-19
-31
-44
-83
-12
-44
-24
-65
-59
-5
-42
-46
-12
-65
-98
-79
-62
-31
-28
25
-43
-51
-52
-8
-59
-35
-87
-34
-41
-40
-87
-38
-61
-25
-54
-62
-56
0
-49
-19
-58
-38
-66
-66
-58
-37
-17
-64
-33
-15
-49
-42
-57
-23
-37
-57
-16
-24
-46
-51
-38
-16
-34
-36
-50
-32
-49
-91
-64
-25
-43
-17
-62
-40
-7
-1
-19
-27
-61
-18
-40
-35
-64
-18
-21
-59
-56
-62
-56
-24
-69
-55
-54
-54
-58
-24
-55
-27
-65
-6
-37
-55
-59
-64
-33
-33
-49
-36
-12
-19
-64
-24
-63
-80
-69
-84
-10
-15
-61
-32
-54
-81
-48
-14
-66
-24
-48
-59
-59
-72
-30
-34
-12
-42
-45
-51
-54
-34
-42
-34
-37
-18
-32
-28
-15
-70
-41
-30
-11
-26
-20
-18
-61
-27
-47
-36
-28
-53
-68
-48
-64
-43
-57
-58
-71
-81
-24
-54
-58
-27
-63
-44
-69
-18
-4
-52
-41
-54
-12
-43
-37
-82
-45
-45
-35
-27
-60
-13
-60
-31
-39
-32
-59
-61
-54
-4
-9
-39
-21
-55
-23
-79
-38
-34
-26
-21
-105
-37
-50
-90
-49
-12
-58
-36
-48
-38
-33
-43
-31
-62
-49
-57
-26
-48
-17
-56
-43
-65
-50
-18
-53
-52
-42
-81
-36
-83
-45
-41
-33
-17
-31
-44
-20
-55
-61
-40
-34
-22
-9
-45
-27
-26
-72
-9
-84
14
-21
-48
-53
-22
-35
-69
-24
-38
-22
34
-49
-35
-58
-57
-78
-11
-49
-32
-19
-40
-69
-30
-62
-53
-7
1
-82
-24
-35
-71
-50
-11
-81
-1
-48
-85
-25
13
-48
-76
-47
-46
-37
-50
-4
-61
-49
-62
-51
11
-27
-43
-71
-44
-72
-25
0
-47
-25
-50
-52
-62
-51
-43
5
-16
-24
-3
-43
-54
-29
-36
-86
-58
-28
-37
-66
-66
-31
-41
-28
-60
-40
-22
-58
-49
-52
-60
2
-39
-63
-63
-3
-33
-44
-50
-56
-65
-7
-18
-19
-45
10
-31
-75
-32
-36
-43
-52
-63
-60
-10
-6
-10
-37
-33
-88
-66
-67
-42
-57
-65
-10
-36
-82
-34
-26
-56
-44
-20
-15
-16
-35
-20
-25
-52
-15
-55
-57
-11
-87
-63
-48
-35
-18
-51
-13
-48
0
-38
-22
-64
-83
-59
-24
-78
-80
-24
-35
-23
-77
-40
-70
-40
-40
-27
-46
-89
-26
-49
-36
-53
-56
-42
-45
-83
-42
-70
-97
-17
-33
-21
-104
-36
-48
-39
-49
-43
-50
-30
-63
-91
-68
-43
-34
-60
-56
-74
-3
-32
-66
-36
-61
-28
-24
-59
-71
-47
-25
-62
-16
-38
-50
-25
-20
-35
-29
6
-52
-50
-39
-14
-24
-70
-41
-11
-61
-65
-26
-31
-57
-68
-14
-6
-28
-17
-42
-41
-5
-36
-61
-36
-55
-59
-64
-57
-34
-34
-33
-8
-57
-18
-26
-17
-20
-33
-36
-84
-31
-93
-41
-51
-69
-35
-27
-57
-58
-47
-3
-15
-11
-35
-57
-50
12
-47
-53
-58
-18
-46
-52
-40
-69
-60
-72
-24
-6
3
7
-7
-49
-28
-49
-27
-16
-46
-45
-31
-44
-50
-63
-56
-49
-19
-38
-96
-44
-59
-5
-59
-50
-66
-35
-34
-50
-63
-25
-30
-43
-39
4
-49
-31
-36
-38
-45
-36
-61
-47
-52
-32
-16
-46
-35
-38
-27
-41
-52
-38
-47
-35
-36
-16
-23
-10
-39
-43
-38
-26
-7
-41
8
-69
-88
-22
-13
-42
-56
-12
-26
-30
-24
-6
-50
-36
-31
-6
-91
-14
-63
-40
-36
-42
-28
-47
-23
-38
-94
-34
-53
-56
-19
-50
-28
-42
-25
-73
-43
-63
-24
-64
-18
-49
-43
-59
-20
8
-27
-4
-20
-25
-52
-50
-45
-61
-45
-52
-33
-82
-31
-46
-56
-85
7
-37
-76
-42
-72
-63
-35
-25
-43
-45
-61
-54
-39
-3
-34
-25
-49
-43
-51
-40
-63
-34
-13
-38
-47
-25
-33
-48
-28
-50
-81
-73
-65
-50
-54
-59
-27
-21
-35
-44
-26
-78
-89
-41
-54
-14
-20
-60
-42
-49
-7
-76
-28
-17
-42
-59
-31
-65
-68
-55
-39
-48
-35
-51
-23
-61
-19
6
-39
-43
-24
-50
-56
-54
1
-43
-32
-27
-82
-63
-18
-48
-15
-8
-47
-35
-66
-3
-44
-73
-46
-35
-71
-1
-49
-28
-39
-43
-41
-33
-27
-12
-51
-75
-57
-58
-69
-68
-41
-31
-64
-44
-77
-10
-19
-8
-70
-57
-85
-54
-30
-69
-37
-58
-62
-47
-58
-59
-5
-43
-8
-47
-58
-35
-31
-54
-47
-64
-33
-33
-69
-54
-32
-29
-44
-20
-43
-1
3
-12
-32
-28
-85
-25
-22
2
-51
-8
-38
-33
-31
-63
-33
-32
-66
-51
-43
-11
-9
-44
-6
-14
-47
-12
-25
-35
-47
-35
-64
-39
-52
-28
-44
-39
-24
-20
-43
-62
-51
-35
-14
-29
-69
11
-62
-45
-27
-7
-44
-27
-58
-58
-54
-40
-45
-57
-19
-28
-13
-44
-45
-47
-52
-59
-86
-38
-41
-35
-68
-22
-9
-45
-35
-43
-49
-36
-10
-28
-43
-49
-57
-32
-56
-55
-48
-53
-57
-61
-69
-35
-40
-24
-69
-78
-105
-41
-42
9
-52
-54
-49
-23
-52
-15
-27
-20
-24
-84
-2
-47
-17
-34
-17
-70
-4
-46
-55
-33
-71
-62
-52
-29
-13
-80
-39
-39
-25
-44
-21
-78
-47
-45
-32
-47
-60
-14
-40
-32
-66
-56
-59
-21
-19
-33
-14
-36
-22
-61
-1
-47
-41
-72
-28
-48
-43
-4
-14
-54
-40
-43
-21
-4
-8
-56
-11
-58
-50
-27
-67
-40
3
-43
-57
-59
-48
-36
-47
-49
-70
-34
12
-60
-40
-69
-17
-53
-59
-70
-39
-53
-26
-57
-11
-40
-54
-17
-30
-49
-54
-27
-17
-86
-88
-28
-20
-74
-21
-32
-52
-38
-34
-42
-82
-1
-10
-45
-35
-44
-92
-41
-42
-53
-50
-24
-8
-10
-52
-45
-36
-26
-25
-23
-70
-68
-22
-77
-44
-49
-42
-74
-68
-56
-36
